Problem:    
Rows:       726
Columns:    206 (182 integer, 182 binary)
Non-zeros:  1736
Status:     INTEGER OPTIMAL
Objective:  z = 66 (MINimum)

   No.   Row name        Activity     Lower bound   Upper bound
------ ------------    ------------- ------------- -------------
     1 a1a1                        0                           0 
     2 a1a2                        0                           0 
     3 a1a3                        0                           0 
     4 a1a4                       -1                           0 
     5 a1a5                        0                           0 
     6 a1a6                        0                           0 
     7 a1a7                        0                           0 
     8 a1a8                        0                           0 
     9 a1a9                       -1                           0 
    10 a1a10                       0                           0 
    11 a1a11                       0                           0 
    12 a1a12                       0                           0 
    13 a1a13                       0                           0 
    14 a1a14                       0                           0 
    15 a2a1                        0                           0 
    16 a2a2                        0                           0 
    17 a2a3                        0                           0 
    18 a2a4                        0                           0 
    19 a2a5                        0                           0 
    20 a2a6                        0                           0 
    21 a2a7                        0                           0 
    22 a2a8                        0                           0 
    23 a2a9                       -1                           0 
    24 a2a10                       0                           0 
    25 a2a11                       0                           0 
    26 a2a12                      -1                           0 
    27 a2a13                       0                           0 
    28 a2a14                       0                           0 
    29 a3a1                        0                           0 
    30 a3a2                        0                           0 
    31 a3a3                        0                           0 
    32 a3a4                        0                           0 
    33 a3a5                        0                           0 
    34 a3a6                        0                           0 
    35 a3a7                        0                           0 
    36 a3a8                        0                           0 
    37 a3a9                       -1                           0 
    38 a3a10                       0                           0 
    39 a3a11                       0                           0 
    40 a3a12                      -1                           0 
    41 a3a13                       0                           0 
    42 a3a14                       0                           0 
    43 a4a1                        0                           0 
    44 a4a2                        0                           0 
    45 a4a3                        0                           0 
    46 a4a4                       -1                           0 
    47 a4a5                        0                           0 
    48 a4a6                        0                           0 
    49 a4a7                        0                           0 
    50 a4a8                        0                           0 
    51 a4a9                        0                           0 
    52 a4a10                       0                           0 
    53 a4a11                       0                           0 
    54 a4a12                      -1                           0 
    55 a4a13                       0                           0 
    56 a4a14                       0                           0 
    57 a5a1                        0                           0 
    58 a5a2                        0                           0 
    59 a5a3                        0                           0 
    60 a5a4                        0                           0 
    61 a5a5                        0                           0 
    62 a5a6                        0                           0 
    63 a5a7                        0                           0 
    64 a5a8                        0                           0 
    65 a5a9                       -1                           0 
    66 a5a10                       0                           0 
    67 a5a11                       0                           0 
    68 a5a12                      -1                           0 
    69 a5a13                       0                           0 
    70 a5a14                       0                           0 
    71 a6a1                        0                           0 
    72 a6a2                        0                           0 
    73 a6a3                        0                           0 
    74 a6a4                       -1                           0 
    75 a6a5                        0                           0 
    76 a6a6                        0                           0 
    77 a6a7                        0                           0 
    78 a6a8                        0                           0 
    79 a6a9                        0                           0 
    80 a6a10                       0                           0 
    81 a6a11                       0                           0 
    82 a6a12                      -1                           0 
    83 a6a13                       0                           0 
    84 a6a14                       0                           0 
    85 a7a1                        0                           0 
    86 a7a2                        0                           0 
    87 a7a3                        0                           0 
    88 a7a4                        0                           0 
    89 a7a5                        0                           0 
    90 a7a6                        0                           0 
    91 a7a7                        0                           0 
    92 a7a8                        0                           0 
    93 a7a9                       -1                           0 
    94 a7a10                       0                           0 
    95 a7a11                       0                           0 
    96 a7a12                      -1                           0 
    97 a7a13                       0                           0 
    98 a7a14                       0                           0 
    99 a8a1                        0                           0 
   100 a8a2                        0                           0 
   101 a8a3                        0                           0 
   102 a8a4                       -1                           0 
   103 a8a5                        0                           0 
   104 a8a6                        0                           0 
   105 a8a7                        0                           0 
   106 a8a8                        0                           0 
   107 a8a9                       -1                           0 
   108 a8a10                       0                           0 
   109 a8a11                       0                           0 
   110 a8a12                       0                           0 
   111 a8a13                       0                           0 
   112 a8a14                       0                           0 
   113 a9a1                        0                           0 
   114 a9a2                        0                           0 
   115 a9a3                        0                           0 
   116 a9a4                        0                           0 
   117 a9a5                        0                           0 
   118 a9a6                        0                           0 
   119 a9a7                        0                           0 
   120 a9a8                        0                           0 
   121 a9a9                       -1                           0 
   122 a9a10                       0                           0 
   123 a9a11                       0                           0 
   124 a9a12                      -1                           0 
   125 a9a13                       0                           0 
   126 a9a14                       0                           0 
   127 a10a1                       0                           0 
   128 a10a2                       0                           0 
   129 a10a3                       0                           0 
   130 a10a4                      -1                           0 
   131 a10a5                       0                           0 
   132 a10a6                       0                           0 
   133 a10a7                       0                           0 
   134 a10a8                       0                           0 
   135 a10a9                      -1                           0 
   136 a10a10                      0                           0 
   137 a10a11                      0                           0 
   138 a10a12                      0                           0 
   139 a10a13                      0                           0 
   140 a10a14                      0                           0 
   141 a11a1                       0                           0 
   142 a11a2                       0                           0 
   143 a11a3                       0                           0 
   144 a11a4                      -1                           0 
   145 a11a5                       0                           0 
   146 a11a6                       0                           0 
   147 a11a7                       0                           0 
   148 a11a8                       0                           0 
   149 a11a9                      -1                           0 
   150 a11a10                      0                           0 
   151 a11a11                      0                           0 
   152 a11a12                      0                           0 
   153 a11a13                      0                           0 
   154 a11a14                      0                           0 
   155 a12a1                       0                           0 
   156 a12a2                       0                           0 
   157 a12a3                       0                           0 
   158 a12a4                      -1                           0 
   159 a12a5                       0                           0 
   160 a12a6                       0                           0 
   161 a12a7                       0                           0 
   162 a12a8                       0                           0 
   163 a12a9                       0                           0 
   164 a12a10                      0                           0 
   165 a12a11                      0                           0 
   166 a12a12                     -1                           0 
   167 a12a13                      0                           0 
   168 a12a14                      0                           0 
   169 b1b2b1                      0                           1 
   170 b1b2b2                      0                           1 
   171 b1b2b3                      0                           1 
   172 b1b2b4                      1                           1 
   173 b1b2b5                      0                           1 
   174 b1b2b6                      0                           1 
   175 b1b2b7                      0                           1 
   176 b1b2b8                      0                           1 
   177 b1b2b9                      0                           1 
   178 b1b2b10                     0                           1 
   179 b1b2b11                     0                           1 
   180 b1b2b12                     1                           1 
   181 b1b2b13                     0                           1 
   182 b1b2b14                     0                           1 
   183 b1b6b1                      0                           1 
   184 b1b6b2                      0                           1 
   185 b1b6b3                      0                           1 
   186 b1b6b4                      0                           1 
   187 b1b6b5                      0                           1 
   188 b1b6b6                      0                           1 
   189 b1b6b7                      0                           1 
   190 b1b6b8                      0                           1 
   191 b1b6b9                      1                           1 
   192 b1b6b10                     0                           1 
   193 b1b6b11                     0                           1 
   194 b1b6b12                     1                           1 
   195 b1b6b13                     0                           1 
   196 b1b6b14                     0                           1 
   197 b1b7b1                      0                           1 
   198 b1b7b2                      0                           1 
   199 b1b7b3                      0                           1 
   200 b1b7b4                      1                           1 
   201 b1b7b5                      0                           1 
   202 b1b7b6                      0                           1 
   203 b1b7b7                      0                           1 
   204 b1b7b8                      0                           1 
   205 b1b7b9                      0                           1 
   206 b1b7b10                     0                           1 
   207 b1b7b11                     0                           1 
   208 b1b7b12                     1                           1 
   209 b1b7b13                     0                           1 
   210 b1b7b14                     0                           1 
   211 b1b9b1                      0                           1 
   212 b1b9b2                      0                           1 
   213 b1b9b3                      0                           1 
   214 b1b9b4                      1                           1 
   215 b1b9b5                      0                           1 
   216 b1b9b6                      0                           1 
   217 b1b9b7                      0                           1 
   218 b1b9b8                      0                           1 
   219 b1b9b9                      0                           1 
   220 b1b9b10                     0                           1 
   221 b1b9b11                     0                           1 
   222 b1b9b12                     1                           1 
   223 b1b9b13                     0                           1 
   224 b1b9b14                     0                           1 
   225 b2b1b1                      0                           1 
   226 b2b1b2                      0                           1 
   227 b2b1b3                      0                           1 
   228 b2b1b4                      1                           1 
   229 b2b1b5                      0                           1 
   230 b2b1b6                      0                           1 
   231 b2b1b7                      0                           1 
   232 b2b1b8                      0                           1 
   233 b2b1b9                      0                           1 
   234 b2b1b10                     0                           1 
   235 b2b1b11                     0                           1 
   236 b2b1b12                     1                           1 
   237 b2b1b13                     0                           1 
   238 b2b1b14                     0                           1 
   239 b2b6b1                      0                           1 
   240 b2b6b2                      0                           1 
   241 b2b6b3                      0                           1 
   242 b2b6b4                      1                           1 
   243 b2b6b5                      0                           1 
   244 b2b6b6                      0                           1 
   245 b2b6b7                      0                           1 
   246 b2b6b8                      0                           1 
   247 b2b6b9                      1                           1 
   248 b2b6b10                     0                           1 
   249 b2b6b11                     0                           1 
   250 b2b6b12                     0                           1 
   251 b2b6b13                     0                           1 
   252 b2b6b14                     0                           1 
   253 b2b10b1                     0                           1 
   254 b2b10b2                     0                           1 
   255 b2b10b3                     0                           1 
   256 b2b10b4                     1                           1 
   257 b2b10b5                     0                           1 
   258 b2b10b6                     0                           1 
   259 b2b10b7                     0                           1 
   260 b2b10b8                     0                           1 
   261 b2b10b9                     0                           1 
   262 b2b10b10                    0                           1 
   263 b2b10b11                    0                           1 
   264 b2b10b12                    1                           1 
   265 b2b10b13                    0                           1 
   266 b2b10b14                    0                           1 
   267 b2b11b1                     0                           1 
   268 b2b11b2                     0                           1 
   269 b2b11b3                     0                           1 
   270 b2b11b4                     1                           1 
   271 b2b11b5                     0                           1 
   272 b2b11b6                     0                           1 
   273 b2b11b7                     0                           1 
   274 b2b11b8                     0                           1 
   275 b2b11b9                     0                           1 
   276 b2b11b10                    0                           1 
   277 b2b11b11                    0                           1 
   278 b2b11b12                    1                           1 
   279 b2b11b13                    0                           1 
   280 b2b11b14                    0                           1 
   281 b2b12b1                     0                           1 
   282 b2b12b2                     0                           1 
   283 b2b12b3                     0                           1 
   284 b2b12b4                     1                           1 
   285 b2b12b5                     0                           1 
   286 b2b12b6                     0                           1 
   287 b2b12b7                     0                           1 
   288 b2b12b8                     0                           1 
   289 b2b12b9                     1                           1 
   290 b2b12b10                    0                           1 
   291 b2b12b11                    0                           1 
   292 b2b12b12                    0                           1 
   293 b2b12b13                    0                           1 
   294 b2b12b14                    0                           1 
   295 b3b4b1                      0                           1 
   296 b3b4b2                      0                           1 
   297 b3b4b3                      0                           1 
   298 b3b4b4                      1                           1 
   299 b3b4b5                      0                           1 
   300 b3b4b6                      0                           1 
   301 b3b4b7                      0                           1 
   302 b3b4b8                      0                           1 
   303 b3b4b9                      1                           1 
   304 b3b4b10                     0                           1 
   305 b3b4b11                     0                           1 
   306 b3b4b12                     0                           1 
   307 b3b4b13                     0                           1 
   308 b3b4b14                     0                           1 
   309 b3b11b1                     0                           1 
   310 b3b11b2                     0                           1 
   311 b3b11b3                     0                           1 
   312 b3b11b4                     1                           1 
   313 b3b11b5                     0                           1 
   314 b3b11b6                     0                           1 
   315 b3b11b7                     0                           1 
   316 b3b11b8                     0                           1 
   317 b3b11b9                     0                           1 
   318 b3b11b10                    0                           1 
   319 b3b11b11                    0                           1 
   320 b3b11b12                    1                           1 
   321 b3b11b13                    0                           1 
   322 b3b11b14                    0                           1 
   323 b3b12b1                     0                           1 
   324 b3b12b2                     0                           1 
   325 b3b12b3                     0                           1 
   326 b3b12b4                     1                           1 
   327 b3b12b5                     0                           1 
   328 b3b12b6                     0                           1 
   329 b3b12b7                     0                           1 
   330 b3b12b8                     0                           1 
   331 b3b12b9                     1                           1 
   332 b3b12b10                    0                           1 
   333 b3b12b11                    0                           1 
   334 b3b12b12                    0                           1 
   335 b3b12b13                    0                           1 
   336 b3b12b14                    0                           1 
   337 b4b3b1                      0                           1 
   338 b4b3b2                      0                           1 
   339 b4b3b3                      0                           1 
   340 b4b3b4                      1                           1 
   341 b4b3b5                      0                           1 
   342 b4b3b6                      0                           1 
   343 b4b3b7                      0                           1 
   344 b4b3b8                      0                           1 
   345 b4b3b9                      1                           1 
   346 b4b3b10                     0                           1 
   347 b4b3b11                     0                           1 
   348 b4b3b12                     0                           1 
   349 b4b3b13                     0                           1 
   350 b4b3b14                     0                           1 
   351 b4b9b1                      0                           1 
   352 b4b9b2                      0                           1 
   353 b4b9b3                      0                           1 
   354 b4b9b4                      1                           1 
   355 b4b9b5                      0                           1 
   356 b4b9b6                      0                           1 
   357 b4b9b7                      0                           1 
   358 b4b9b8                      0                           1 
   359 b4b9b9                      1                           1 
   360 b4b9b10                     0                           1 
   361 b4b9b11                     0                           1 
   362 b4b9b12                     0                           1 
   363 b4b9b13                     0                           1 
   364 b4b9b14                     0                           1 
   365 b5b12b1                     0                           1 
   366 b5b12b2                     0                           1 
   367 b5b12b3                     0                           1 
   368 b5b12b4                     1                           1 
   369 b5b12b5                     0                           1 
   370 b5b12b6                     0                           1 
   371 b5b12b7                     0                           1 
   372 b5b12b8                     0                           1 
   373 b5b12b9                     1                           1 
   374 b5b12b10                    0                           1 
   375 b5b12b11                    0                           1 
   376 b5b12b12                    0                           1 
   377 b5b12b13                    0                           1 
   378 b5b12b14                    0                           1 
   379 b6b1b1                      0                           1 
   380 b6b1b2                      0                           1 
   381 b6b1b3                      0                           1 
   382 b6b1b4                      0                           1 
   383 b6b1b5                      0                           1 
   384 b6b1b6                      0                           1 
   385 b6b1b7                      0                           1 
   386 b6b1b8                      0                           1 
   387 b6b1b9                      1                           1 
   388 b6b1b10                     0                           1 
   389 b6b1b11                     0                           1 
   390 b6b1b12                     1                           1 
   391 b6b1b13                     0                           1 
   392 b6b1b14                     0                           1 
   393 b6b2b1                      0                           1 
   394 b6b2b2                      0                           1 
   395 b6b2b3                      0                           1 
   396 b6b2b4                      1                           1 
   397 b6b2b5                      0                           1 
   398 b6b2b6                      0                           1 
   399 b6b2b7                      0                           1 
   400 b6b2b8                      0                           1 
   401 b6b2b9                      1                           1 
   402 b6b2b10                     0                           1 
   403 b6b2b11                     0                           1 
   404 b6b2b12                     0                           1 
   405 b6b2b13                     0                           1 
   406 b6b2b14                     0                           1 
   407 b6b10b1                     0                           1 
   408 b6b10b2                     0                           1 
   409 b6b10b3                     0                           1 
   410 b6b10b4                     0                           1 
   411 b6b10b5                     0                           1 
   412 b6b10b6                     0                           1 
   413 b6b10b7                     0                           1 
   414 b6b10b8                     0                           1 
   415 b6b10b9                     1                           1 
   416 b6b10b10                    0                           1 
   417 b6b10b11                    0                           1 
   418 b6b10b12                    1                           1 
   419 b6b10b13                    0                           1 
   420 b6b10b14                    0                           1 
   421 b7b1b1                      0                           1 
   422 b7b1b2                      0                           1 
   423 b7b1b3                      0                           1 
   424 b7b1b4                      1                           1 
   425 b7b1b5                      0                           1 
   426 b7b1b6                      0                           1 
   427 b7b1b7                      0                           1 
   428 b7b1b8                      0                           1 
   429 b7b1b9                      0                           1 
   430 b7b1b10                     0                           1 
   431 b7b1b11                     0                           1 
   432 b7b1b12                     1                           1 
   433 b7b1b13                     0                           1 
   434 b7b1b14                     0                           1 
   435 b7b12b1                     0                           1 
   436 b7b12b2                     0                           1 
   437 b7b12b3                     0                           1 
   438 b7b12b4                     1                           1 
   439 b7b12b5                     0                           1 
   440 b7b12b6                     0                           1 
   441 b7b12b7                     0                           1 
   442 b7b12b8                     0                           1 
   443 b7b12b9                     1                           1 
   444 b7b12b10                    0                           1 
   445 b7b12b11                    0                           1 
   446 b7b12b12                    0                           1 
   447 b7b12b13                    0                           1 
   448 b7b12b14                    0                           1 
   449 b8b9b1                      0                           1 
   450 b8b9b2                      0                           1 
   451 b8b9b3                      0                           1 
   452 b8b9b4                      1                           1 
   453 b8b9b5                      0                           1 
   454 b8b9b6                      0                           1 
   455 b8b9b7                      0                           1 
   456 b8b9b8                      0                           1 
   457 b8b9b9                      0                           1 
   458 b8b9b10                     0                           1 
   459 b8b9b11                     0                           1 
   460 b8b9b12                     1                           1 
   461 b8b9b13                     0                           1 
   462 b8b9b14                     0                           1 
   463 b9b1b1                      0                           1 
   464 b9b1b2                      0                           1 
   465 b9b1b3                      0                           1 
   466 b9b1b4                      1                           1 
   467 b9b1b5                      0                           1 
   468 b9b1b6                      0                           1 
   469 b9b1b7                      0                           1 
   470 b9b1b8                      0                           1 
   471 b9b1b9                      0                           1 
   472 b9b1b10                     0                           1 
   473 b9b1b11                     0                           1 
   474 b9b1b12                     1                           1 
   475 b9b1b13                     0                           1 
   476 b9b1b14                     0                           1 
   477 b9b4b1                      0                           1 
   478 b9b4b2                      0                           1 
   479 b9b4b3                      0                           1 
   480 b9b4b4                      1                           1 
   481 b9b4b5                      0                           1 
   482 b9b4b6                      0                           1 
   483 b9b4b7                      0                           1 
   484 b9b4b8                      0                           1 
   485 b9b4b9                      1                           1 
   486 b9b4b10                     0                           1 
   487 b9b4b11                     0                           1 
   488 b9b4b12                     0                           1 
   489 b9b4b13                     0                           1 
   490 b9b4b14                     0                           1 
   491 b9b8b1                      0                           1 
   492 b9b8b2                      0                           1 
   493 b9b8b3                      0                           1 
   494 b9b8b4                      1                           1 
   495 b9b8b5                      0                           1 
   496 b9b8b6                      0                           1 
   497 b9b8b7                      0                           1 
   498 b9b8b8                      0                           1 
   499 b9b8b9                      0                           1 
   500 b9b8b10                     0                           1 
   501 b9b8b11                     0                           1 
   502 b9b8b12                     1                           1 
   503 b9b8b13                     0                           1 
   504 b9b8b14                     0                           1 
   505 b9b10b1                     0                           1 
   506 b9b10b2                     0                           1 
   507 b9b10b3                     0                           1 
   508 b9b10b4                     1                           1 
   509 b9b10b5                     0                           1 
   510 b9b10b6                     0                           1 
   511 b9b10b7                     0                           1 
   512 b9b10b8                     0                           1 
   513 b9b10b9                     0                           1 
   514 b9b10b10                    0                           1 
   515 b9b10b11                    0                           1 
   516 b9b10b12                    1                           1 
   517 b9b10b13                    0                           1 
   518 b9b10b14                    0                           1 
   519 b9b11b1                     0                           1 
   520 b9b11b2                     0                           1 
   521 b9b11b3                     0                           1 
   522 b9b11b4                     1                           1 
   523 b9b11b5                     0                           1 
   524 b9b11b6                     0                           1 
   525 b9b11b7                     0                           1 
   526 b9b11b8                     0                           1 
   527 b9b11b9                     0                           1 
   528 b9b11b10                    0                           1 
   529 b9b11b11                    0                           1 
   530 b9b11b12                    1                           1 
   531 b9b11b13                    0                           1 
   532 b9b11b14                    0                           1 
   533 b9b12b1                     0                           1 
   534 b9b12b2                     0                           1 
   535 b9b12b3                     0                           1 
   536 b9b12b4                     1                           1 
   537 b9b12b5                     0                           1 
   538 b9b12b6                     0                           1 
   539 b9b12b7                     0                           1 
   540 b9b12b8                     0                           1 
   541 b9b12b9                     1                           1 
   542 b9b12b10                    0                           1 
   543 b9b12b11                    0                           1 
   544 b9b12b12                    0                           1 
   545 b9b12b13                    0                           1 
   546 b9b12b14                    0                           1 
   547 b10b2b1                     0                           1 
   548 b10b2b2                     0                           1 
   549 b10b2b3                     0                           1 
   550 b10b2b4                     1                           1 
   551 b10b2b5                     0                           1 
   552 b10b2b6                     0                           1 
   553 b10b2b7                     0                           1 
   554 b10b2b8                     0                           1 
   555 b10b2b9                     0                           1 
   556 b10b2b10                    0                           1 
   557 b10b2b11                    0                           1 
   558 b10b2b12                    1                           1 
   559 b10b2b13                    0                           1 
   560 b10b2b14                    0                           1 
   561 b10b6b1                     0                           1 
   562 b10b6b2                     0                           1 
   563 b10b6b3                     0                           1 
   564 b10b6b4                     0                           1 
   565 b10b6b5                     0                           1 
   566 b10b6b6                     0                           1 
   567 b10b6b7                     0                           1 
   568 b10b6b8                     0                           1 
   569 b10b6b9                     1                           1 
   570 b10b6b10                    0                           1 
   571 b10b6b11                    0                           1 
   572 b10b6b12                    1                           1 
   573 b10b6b13                    0                           1 
   574 b10b6b14                    0                           1 
   575 b10b9b1                     0                           1 
   576 b10b9b2                     0                           1 
   577 b10b9b3                     0                           1 
   578 b10b9b4                     1                           1 
   579 b10b9b5                     0                           1 
   580 b10b9b6                     0                           1 
   581 b10b9b7                     0                           1 
   582 b10b9b8                     0                           1 
   583 b10b9b9                     0                           1 
   584 b10b9b10                    0                           1 
   585 b10b9b11                    0                           1 
   586 b10b9b12                    1                           1 
   587 b10b9b13                    0                           1 
   588 b10b9b14                    0                           1 
   589 b11b2b1                     0                           1 
   590 b11b2b2                     0                           1 
   591 b11b2b3                     0                           1 
   592 b11b2b4                     1                           1 
   593 b11b2b5                     0                           1 
   594 b11b2b6                     0                           1 
   595 b11b2b7                     0                           1 
   596 b11b2b8                     0                           1 
   597 b11b2b9                     0                           1 
   598 b11b2b10                    0                           1 
   599 b11b2b11                    0                           1 
   600 b11b2b12                    1                           1 
   601 b11b2b13                    0                           1 
   602 b11b2b14                    0                           1 
   603 b11b3b1                     0                           1 
   604 b11b3b2                     0                           1 
   605 b11b3b3                     0                           1 
   606 b11b3b4                     1                           1 
   607 b11b3b5                     0                           1 
   608 b11b3b6                     0                           1 
   609 b11b3b7                     0                           1 
   610 b11b3b8                     0                           1 
   611 b11b3b9                     0                           1 
   612 b11b3b10                    0                           1 
   613 b11b3b11                    0                           1 
   614 b11b3b12                    1                           1 
   615 b11b3b13                    0                           1 
   616 b11b3b14                    0                           1 
   617 b11b9b1                     0                           1 
   618 b11b9b2                     0                           1 
   619 b11b9b3                     0                           1 
   620 b11b9b4                     1                           1 
   621 b11b9b5                     0                           1 
   622 b11b9b6                     0                           1 
   623 b11b9b7                     0                           1 
   624 b11b9b8                     0                           1 
   625 b11b9b9                     0                           1 
   626 b11b9b10                    0                           1 
   627 b11b9b11                    0                           1 
   628 b11b9b12                    1                           1 
   629 b11b9b13                    0                           1 
   630 b11b9b14                    0                           1 
   631 b12b2b1                     0                           1 
   632 b12b2b2                     0                           1 
   633 b12b2b3                     0                           1 
   634 b12b2b4                     1                           1 
   635 b12b2b5                     0                           1 
   636 b12b2b6                     0                           1 
   637 b12b2b7                     0                           1 
   638 b12b2b8                     0                           1 
   639 b12b2b9                     1                           1 
   640 b12b2b10                    0                           1 
   641 b12b2b11                    0                           1 
   642 b12b2b12                    0                           1 
   643 b12b2b13                    0                           1 
   644 b12b2b14                    0                           1 
   645 b12b3b1                     0                           1 
   646 b12b3b2                     0                           1 
   647 b12b3b3                     0                           1 
   648 b12b3b4                     1                           1 
   649 b12b3b5                     0                           1 
   650 b12b3b6                     0                           1 
   651 b12b3b7                     0                           1 
   652 b12b3b8                     0                           1 
   653 b12b3b9                     1                           1 
   654 b12b3b10                    0                           1 
   655 b12b3b11                    0                           1 
   656 b12b3b12                    0                           1 
   657 b12b3b13                    0                           1 
   658 b12b3b14                    0                           1 
   659 b12b5b1                     0                           1 
   660 b12b5b2                     0                           1 
   661 b12b5b3                     0                           1 
   662 b12b5b4                     1                           1 
   663 b12b5b5                     0                           1 
   664 b12b5b6                     0                           1 
   665 b12b5b7                     0                           1 
   666 b12b5b8                     0                           1 
   667 b12b5b9                     1                           1 
   668 b12b5b10                    0                           1 
   669 b12b5b11                    0                           1 
   670 b12b5b12                    0                           1 
   671 b12b5b13                    0                           1 
   672 b12b5b14                    0                           1 
   673 b12b7b1                     0                           1 
   674 b12b7b2                     0                           1 
   675 b12b7b3                     0                           1 
   676 b12b7b4                     1                           1 
   677 b12b7b5                     0                           1 
   678 b12b7b6                     0                           1 
   679 b12b7b7                     0                           1 
   680 b12b7b8                     0                           1 
   681 b12b7b9                     1                           1 
   682 b12b7b10                    0                           1 
   683 b12b7b11                    0                           1 
   684 b12b7b12                    0                           1 
   685 b12b7b13                    0                           1 
   686 b12b7b14                    0                           1 
   687 b12b9b1                     0                           1 
   688 b12b9b2                     0                           1 
   689 b12b9b3                     0                           1 
   690 b12b9b4                     1                           1 
   691 b12b9b5                     0                           1 
   692 b12b9b6                     0                           1 
   693 b12b9b7                     0                           1 
   694 b12b9b8                     0                           1 
   695 b12b9b9                     1                           1 
   696 b12b9b10                    0                           1 
   697 b12b9b11                    0                           1 
   698 b12b9b12                    0                           1 
   699 b12b9b13                    0                           1 
   700 b12b9b14                    0                           1 
   701 c1                          1             1             = 
   702 c2                          1             1             = 
   703 c3                          1             1             = 
   704 c4                          1             1             = 
   705 c5                          1             1             = 
   706 c6                          1             1             = 
   707 c7                          1             1             = 
   708 c8                          1             1             = 
   709 c9                          1             1             = 
   710 c10                         1             1             = 
   711 c11                         1             1             = 
   712 c12                         1             1             = 
   713 d1                          0                           6 
   714 d2                          0                           8 
   715 d3                          0                          10 
   716 d4                          5                           5 
   717 d5                          0                           6 
   718 d6                          0                           5 
   719 d7                          0                           8 
   720 d8                          0                           9 
   721 d9                          3                           3 
   722 d10                         0                           9 
   723 d11                         0                           6 
   724 d12                         4                           4 
   725 d13                         0                           5 
   726 d14                         0                           3 

   No. Column name       Activity     Lower bound   Upper bound
------ ------------    ------------- ------------- -------------
     1 x1           *              0             0             1 
     2 x2           *              0             0             1 
     3 x3           *              0             0             1 
     4 x4           *              1             0             1 
     5 x5           *              0             0             1 
     6 x6           *              0             0             1 
     7 x7           *              0             0             1 
     8 x8           *              0             0             1 
     9 x9           *              1             0             1 
    10 x10          *              0             0             1 
    11 x11          *              0             0             1 
    12 x12          *              1             0             1 
    13 x13          *              0             0             1 
    14 x14          *              0             0             1 
    15 y1,1         *              0             0             1 
    16 y1,2         *              0             0             1 
    17 y1,3         *              0             0             1 
    18 y1,4         *              0             0             1 
    19 y1,5         *              0             0             1 
    20 y1,6         *              0             0             1 
    21 y1,7         *              0             0             1 
    22 y1,8         *              0             0             1 
    23 y1,9         *              0             0             1 
    24 y1,10        *              0             0             1 
    25 y1,11        *              0             0             1 
    26 y1,12        *              1             0             1 
    27 y1,13                       0             0               
    28 y1,14                       0             0               
    29 y2,1         *              0             0             1 
    30 y2,2         *              0             0             1 
    31 y2,3         *              0             0             1 
    32 y2,4         *              1             0             1 
    33 y2,5         *              0             0             1 
    34 y2,6         *              0             0             1 
    35 y2,7         *              0             0             1 
    36 y2,8         *              0             0             1 
    37 y2,9         *              0             0             1 
    38 y2,10        *              0             0             1 
    39 y2,11        *              0             0             1 
    40 y2,12        *              0             0             1 
    41 y2,13                       0             0               
    42 y2,14                       0             0               
    43 y3,1         *              0             0             1 
    44 y3,2         *              0             0             1 
    45 y3,3         *              0             0             1 
    46 y3,4         *              1             0             1 
    47 y3,5         *              0             0             1 
    48 y3,6         *              0             0             1 
    49 y3,7         *              0             0             1 
    50 y3,8         *              0             0             1 
    51 y3,9         *              0             0             1 
    52 y3,10        *              0             0             1 
    53 y3,11        *              0             0             1 
    54 y3,12        *              0             0             1 
    55 y3,13                       0             0               
    56 y3,14                       0             0               
    57 y4,1         *              0             0             1 
    58 y4,2         *              0             0             1 
    59 y4,3         *              0             0             1 
    60 y4,4         *              0             0             1 
    61 y4,5         *              0             0             1 
    62 y4,6         *              0             0             1 
    63 y4,7         *              0             0             1 
    64 y4,8         *              0             0             1 
    65 y4,9         *              1             0             1 
    66 y4,10        *              0             0             1 
    67 y4,11        *              0             0             1 
    68 y4,12        *              0             0             1 
    69 y4,13                       0             0               
    70 y4,14                       0             0               
    71 y5,1         *              0             0             1 
    72 y5,2         *              0             0             1 
    73 y5,3         *              0             0             1 
    74 y5,4         *              1             0             1 
    75 y5,5         *              0             0             1 
    76 y5,6         *              0             0             1 
    77 y5,7         *              0             0             1 
    78 y5,8         *              0             0             1 
    79 y5,9         *              0             0             1 
    80 y5,10        *              0             0             1 
    81 y5,11        *              0             0             1 
    82 y5,12        *              0             0             1 
    83 y5,13                       0             0               
    84 y5,14                       0             0               
    85 y6,1         *              0             0             1 
    86 y6,2         *              0             0             1 
    87 y6,3         *              0             0             1 
    88 y6,4         *              0             0             1 
    89 y6,5         *              0             0             1 
    90 y6,6         *              0             0             1 
    91 y6,7         *              0             0             1 
    92 y6,8         *              0             0             1 
    93 y6,9         *              1             0             1 
    94 y6,10        *              0             0             1 
    95 y6,11        *              0             0             1 
    96 y6,12        *              0             0             1 
    97 y6,13                       0             0               
    98 y6,14                       0             0               
    99 y7,1         *              0             0             1 
   100 y7,2         *              0             0             1 
   101 y7,3         *              0             0             1 
   102 y7,4         *              1             0             1 
   103 y7,5         *              0             0             1 
   104 y7,6         *              0             0             1 
   105 y7,7         *              0             0             1 
   106 y7,8         *              0             0             1 
   107 y7,9         *              0             0             1 
   108 y7,10        *              0             0             1 
   109 y7,11        *              0             0             1 
   110 y7,12        *              0             0             1 
   111 y7,13                       0             0               
   112 y7,14                       0             0               
   113 y8,1         *              0             0             1 
   114 y8,2         *              0             0             1 
   115 y8,3         *              0             0             1 
   116 y8,4         *              0             0             1 
   117 y8,5         *              0             0             1 
   118 y8,6         *              0             0             1 
   119 y8,7         *              0             0             1 
   120 y8,8         *              0             0             1 
   121 y8,9         *              0             0             1 
   122 y8,10        *              0             0             1 
   123 y8,11        *              0             0             1 
   124 y8,12        *              1             0             1 
   125 y8,13                       0             0               
   126 y8,14                       0             0               
   127 y9,1         *              0             0             1 
   128 y9,2         *              0             0             1 
   129 y9,3         *              0             0             1 
   130 y9,4         *              1             0             1 
   131 y9,5         *              0             0             1 
   132 y9,6         *              0             0             1 
   133 y9,7         *              0             0             1 
   134 y9,8         *              0             0             1 
   135 y9,9         *              0             0             1 
   136 y9,10        *              0             0             1 
   137 y9,11        *              0             0             1 
   138 y9,12        *              0             0             1 
   139 y9,13                       0             0               
   140 y9,14                       0             0               
   141 y10,1        *              0             0             1 
   142 y10,2        *              0             0             1 
   143 y10,3        *              0             0             1 
   144 y10,4        *              0             0             1 
   145 y10,5        *              0             0             1 
   146 y10,6        *              0             0             1 
   147 y10,7        *              0             0             1 
   148 y10,8        *              0             0             1 
   149 y10,9        *              0             0             1 
   150 y10,10       *              0             0             1 
   151 y10,11       *              0             0             1 
   152 y10,12       *              1             0             1 
   153 y10,13                      0             0               
   154 y10,14                      0             0               
   155 y11,1        *              0             0             1 
   156 y11,2        *              0             0             1 
   157 y11,3        *              0             0             1 
   158 y11,4        *              0             0             1 
   159 y11,5        *              0             0             1 
   160 y11,6        *              0             0             1 
   161 y11,7        *              0             0             1 
   162 y11,8        *              0             0             1 
   163 y11,9        *              0             0             1 
   164 y11,10       *              0             0             1 
   165 y11,11       *              0             0             1 
   166 y11,12       *              1             0             1 
   167 y11,13                      0             0               
   168 y11,14                      0             0               
   169 y12,1        *              0             0             1 
   170 y12,2        *              0             0             1 
   171 y12,3        *              0             0             1 
   172 y12,4        *              0             0             1 
   173 y12,5        *              0             0             1 
   174 y12,6        *              0             0             1 
   175 y12,7        *              0             0             1 
   176 y12,8        *              0             0             1 
   177 y12,9        *              1             0             1 
   178 y12,10       *              0             0             1 
   179 y12,11       *              0             0             1 
   180 y12,12       *              0             0             1 
   181 y12,13                      0             0               
   182 y12,14                      0             0               
   183 y13,1        *              0             0             1 
   184 y13,2        *              0             0             1 
   185 y13,3        *              0             0             1 
   186 y13,4        *              0             0             1 
   187 y13,5        *              0             0             1 
   188 y13,6        *              0             0             1 
   189 y13,7        *              0             0             1 
   190 y13,8        *              0             0             1 
   191 y13,9        *              0             0             1 
   192 y13,10       *              0             0             1 
   193 y13,11       *              0             0             1 
   194 y13,12       *              0             0             1 
   195 y14,1        *              0             0             1 
   196 y14,2        *              0             0             1 
   197 y14,3        *              0             0             1 
   198 y14,4        *              0             0             1 
   199 y14,5        *              0             0             1 
   200 y14,6        *              0             0             1 
   201 y14,7        *              0             0             1 
   202 y14,8        *              0             0             1 
   203 y14,9        *              0             0             1 
   204 y14,10       *              0             0             1 
   205 y14,11       *              0             0             1 
   206 y14,12       *              0             0             1 

Integer feasibility conditions:

KKT.PE: max.abs.err = 0.00e+00 on row 0
        max.rel.err = 0.00e+00 on row 0
        High quality

KKT.PB: max.abs.err = 0.00e+00 on row 0
        max.rel.err = 0.00e+00 on row 0
        High quality

End of output
