Problem:    
Rows:       444
Columns:    194 (154 integer, 154 binary)
Non-zeros:  1120
Status:     INTEGER OPTIMAL
Objective:  z = 65 (MINimum)

   No.   Row name        Activity     Lower bound   Upper bound
------ ------------    ------------- ------------- -------------
     1 a1a1                        0                           0 
     2 a1a2                        0                           0 
     3 a1a3                        0                           0 
     4 a1a4                        0                           0 
     5 a1a5                        0                           0 
     6 a1a6                        0                           0 
     7 a1a7                        0                           0 
     8 a1a8                        0                           0 
     9 a1a9                        0                           0 
    10 a1a10                       0                           0 
    11 a1a11                       0                           0 
    12 a1a12                    -0.5                           0 
    13 a1a13                       0                           0 
    14 a1a14                    -0.5                           0 
    15 a2a1                        0                           0 
    16 a2a2                        0                           0 
    17 a2a3                        0                           0 
    18 a2a4                        0                           0 
    19 a2a5                        0                           0 
    20 a2a6                        0                           0 
    21 a2a7                        0                           0 
    22 a2a8                        0                           0 
    23 a2a9                        0                           0 
    24 a2a10                       0                           0 
    25 a2a11                       0                           0 
    26 a2a12                    -0.5                           0 
    27 a2a13                       0                           0 
    28 a2a14                    -0.5                           0 
    29 a3a1                        0                           0 
    30 a3a2                        0                           0 
    31 a3a3                        0                           0 
    32 a3a4                        0                           0 
    33 a3a5                        0                           0 
    34 a3a6                        0                           0 
    35 a3a7                        0                           0 
    36 a3a8                        0                           0 
    37 a3a9                        0                           0 
    38 a3a10                       0                           0 
    39 a3a11                       0                           0 
    40 a3a12                    -0.5                           0 
    41 a3a13                       0                           0 
    42 a3a14                    -0.5                           0 
    43 a4a1                        0                           0 
    44 a4a2                        0                           0 
    45 a4a3                        0                           0 
    46 a4a4                        0                           0 
    47 a4a5                        0                           0 
    48 a4a6                        0                           0 
    49 a4a7                        0                           0 
    50 a4a8                        0                           0 
    51 a4a9                        0                           0 
    52 a4a10                       0                           0 
    53 a4a11                       0                           0 
    54 a4a12                    -0.5                           0 
    55 a4a13                       0                           0 
    56 a4a14                    -0.5                           0 
    57 a5a1                        0                           0 
    58 a5a2                        0                           0 
    59 a5a3                        0                           0 
    60 a5a4                        0                           0 
    61 a5a5                        0                           0 
    62 a5a6                        0                           0 
    63 a5a7                        0                           0 
    64 a5a8                        0                           0 
    65 a5a9                        0                           0 
    66 a5a10                       0                           0 
    67 a5a11                       0                           0 
    68 a5a12                    -0.5                           0 
    69 a5a13                       0                           0 
    70 a5a14                    -0.5                           0 
    71 a6a1                        0                           0 
    72 a6a2                        0                           0 
    73 a6a3                        0                           0 
    74 a6a4                        0                           0 
    75 a6a5                        0                           0 
    76 a6a6                        0                           0 
    77 a6a7                        0                           0 
    78 a6a8                        0                           0 
    79 a6a9                        0                           0 
    80 a6a10                       0                           0 
    81 a6a11                       0                           0 
    82 a6a12                    -0.5                           0 
    83 a6a13                       0                           0 
    84 a6a14                    -0.5                           0 
    85 a7a1                        0                           0 
    86 a7a2                        0                           0 
    87 a7a3                        0                           0 
    88 a7a4                        0                           0 
    89 a7a5                        0                           0 
    90 a7a6                        0                           0 
    91 a7a7                        0                           0 
    92 a7a8                        0                           0 
    93 a7a9                        0                           0 
    94 a7a10                       0                           0 
    95 a7a11                       0                           0 
    96 a7a12                    -0.5                           0 
    97 a7a13                       0                           0 
    98 a7a14                    -0.5                           0 
    99 a8a1                        0                           0 
   100 a8a2                        0                           0 
   101 a8a3                        0                           0 
   102 a8a4                        0                           0 
   103 a8a5                        0                           0 
   104 a8a6                        0                           0 
   105 a8a7                        0                           0 
   106 a8a8                        0                           0 
   107 a8a9                        0                           0 
   108 a8a10                       0                           0 
   109 a8a11                       0                           0 
   110 a8a12                    -0.5                           0 
   111 a8a13                       0                           0 
   112 a8a14                    -0.5                           0 
   113 a9a1                        0                           0 
   114 a9a2                        0                           0 
   115 a9a3                        0                           0 
   116 a9a4                        0                           0 
   117 a9a5                        0                           0 
   118 a9a6                        0                           0 
   119 a9a7                        0                           0 
   120 a9a8                        0                           0 
   121 a9a9                        0                           0 
   122 a9a10                       0                           0 
   123 a9a11                       0                           0 
   124 a9a12                    -0.5                           0 
   125 a9a13                       0                           0 
   126 a9a14                    -0.5                           0 
   127 a10a1                       0                           0 
   128 a10a2                       0                           0 
   129 a10a3                       0                           0 
   130 a10a4                       0                           0 
   131 a10a5                       0                           0 
   132 a10a6                       0                           0 
   133 a10a7                       0                           0 
   134 a10a8                       0                           0 
   135 a10a9                       0                           0 
   136 a10a10                      0                           0 
   137 a10a11                      0                           0 
   138 a10a12                   -0.5                           0 
   139 a10a13                      0                           0 
   140 a10a14                   -0.5                           0 
   141 b1b4b1                      0                           1 
   142 b1b4b2                      0                           1 
   143 b1b4b3                      0                           1 
   144 b1b4b4                      0                           1 
   145 b1b4b5                      0                           1 
   146 b1b4b6                      0                           1 
   147 b1b4b7                      0                           1 
   148 b1b4b8                      0                           1 
   149 b1b4b9                      0                           1 
   150 b1b4b10                     0                           1 
   151 b1b4b11                     0                           1 
   152 b1b4b12                     1                           1 
   153 b1b4b13                     0                           1 
   154 b1b4b14                     1                           1 
   155 b2b5b1                      0                           1 
   156 b2b5b2                      0                           1 
   157 b2b5b3                      0                           1 
   158 b2b5b4                      0                           1 
   159 b2b5b5                      0                           1 
   160 b2b5b6                      0                           1 
   161 b2b5b7                      0                           1 
   162 b2b5b8                      0                           1 
   163 b2b5b9                      0                           1 
   164 b2b5b10                     0                           1 
   165 b2b5b11                     0                           1 
   166 b2b5b12                     1                           1 
   167 b2b5b13                     0                           1 
   168 b2b5b14                     1                           1 
   169 b3b6b1                      0                           1 
   170 b3b6b2                      0                           1 
   171 b3b6b3                      0                           1 
   172 b3b6b4                      0                           1 
   173 b3b6b5                      0                           1 
   174 b3b6b6                      0                           1 
   175 b3b6b7                      0                           1 
   176 b3b6b8                      0                           1 
   177 b3b6b9                      0                           1 
   178 b3b6b10                     0                           1 
   179 b3b6b11                     0                           1 
   180 b3b6b12                     1                           1 
   181 b3b6b13                     0                           1 
   182 b3b6b14                     1                           1 
   183 b3b7b1                      0                           1 
   184 b3b7b2                      0                           1 
   185 b3b7b3                      0                           1 
   186 b3b7b4                      0                           1 
   187 b3b7b5                      0                           1 
   188 b3b7b6                      0                           1 
   189 b3b7b7                      0                           1 
   190 b3b7b8                      0                           1 
   191 b3b7b9                      0                           1 
   192 b3b7b10                     0                           1 
   193 b3b7b11                     0                           1 
   194 b3b7b12                     1                           1 
   195 b3b7b13                     0                           1 
   196 b3b7b14                     1                           1 
   197 b3b9b1                      0                           1 
   198 b3b9b2                      0                           1 
   199 b3b9b3                      0                           1 
   200 b3b9b4                      0                           1 
   201 b3b9b5                      0                           1 
   202 b3b9b6                      0                           1 
   203 b3b9b7                      0                           1 
   204 b3b9b8                      0                           1 
   205 b3b9b9                      0                           1 
   206 b3b9b10                     0                           1 
   207 b3b9b11                     0                           1 
   208 b3b9b12                     1                           1 
   209 b3b9b13                     0                           1 
   210 b3b9b14                     1                           1 
   211 b4b1b1                      0                           1 
   212 b4b1b2                      0                           1 
   213 b4b1b3                      0                           1 
   214 b4b1b4                      0                           1 
   215 b4b1b5                      0                           1 
   216 b4b1b6                      0                           1 
   217 b4b1b7                      0                           1 
   218 b4b1b8                      0                           1 
   219 b4b1b9                      0                           1 
   220 b4b1b10                     0                           1 
   221 b4b1b11                     0                           1 
   222 b4b1b12                     1                           1 
   223 b4b1b13                     0                           1 
   224 b4b1b14                     1                           1 
   225 b4b6b1                      0                           1 
   226 b4b6b2                      0                           1 
   227 b4b6b3                      0                           1 
   228 b4b6b4                      0                           1 
   229 b4b6b5                      0                           1 
   230 b4b6b6                      0                           1 
   231 b4b6b7                      0                           1 
   232 b4b6b8                      0                           1 
   233 b4b6b9                      0                           1 
   234 b4b6b10                     0                           1 
   235 b4b6b11                     0                           1 
   236 b4b6b12                     1                           1 
   237 b4b6b13                     0                           1 
   238 b4b6b14                     1                           1 
   239 b4b10b1                     0                           1 
   240 b4b10b2                     0                           1 
   241 b4b10b3                     0                           1 
   242 b4b10b4                     0                           1 
   243 b4b10b5                     0                           1 
   244 b4b10b6                     0                           1 
   245 b4b10b7                     0                           1 
   246 b4b10b8                     0                           1 
   247 b4b10b9                     0                           1 
   248 b4b10b10                    0                           1 
   249 b4b10b11                    0                           1 
   250 b4b10b12                    1                           1 
   251 b4b10b13                    0                           1 
   252 b4b10b14                    1                           1 
   253 b5b2b1                      0                           1 
   254 b5b2b2                      0                           1 
   255 b5b2b3                      0                           1 
   256 b5b2b4                      0                           1 
   257 b5b2b5                      0                           1 
   258 b5b2b6                      0                           1 
   259 b5b2b7                      0                           1 
   260 b5b2b8                      0                           1 
   261 b5b2b9                      0                           1 
   262 b5b2b10                     0                           1 
   263 b5b2b11                     0                           1 
   264 b5b2b12                     1                           1 
   265 b5b2b13                     0                           1 
   266 b5b2b14                     1                           1 
   267 b5b10b1                     0                           1 
   268 b5b10b2                     0                           1 
   269 b5b10b3                     0                           1 
   270 b5b10b4                     0                           1 
   271 b5b10b5                     0                           1 
   272 b5b10b6                     0                           1 
   273 b5b10b7                     0                           1 
   274 b5b10b8                     0                           1 
   275 b5b10b9                     0                           1 
   276 b5b10b10                    0                           1 
   277 b5b10b11                    0                           1 
   278 b5b10b12                    1                           1 
   279 b5b10b13                    0                           1 
   280 b5b10b14                    1                           1 
   281 b6b3b1                      0                           1 
   282 b6b3b2                      0                           1 
   283 b6b3b3                      0                           1 
   284 b6b3b4                      0                           1 
   285 b6b3b5                      0                           1 
   286 b6b3b6                      0                           1 
   287 b6b3b7                      0                           1 
   288 b6b3b8                      0                           1 
   289 b6b3b9                      0                           1 
   290 b6b3b10                     0                           1 
   291 b6b3b11                     0                           1 
   292 b6b3b12                     1                           1 
   293 b6b3b13                     0                           1 
   294 b6b3b14                     1                           1 
   295 b6b4b1                      0                           1 
   296 b6b4b2                      0                           1 
   297 b6b4b3                      0                           1 
   298 b6b4b4                      0                           1 
   299 b6b4b5                      0                           1 
   300 b6b4b6                      0                           1 
   301 b6b4b7                      0                           1 
   302 b6b4b8                      0                           1 
   303 b6b4b9                      0                           1 
   304 b6b4b10                     0                           1 
   305 b6b4b11                     0                           1 
   306 b6b4b12                     1                           1 
   307 b6b4b13                     0                           1 
   308 b6b4b14                     1                           1 
   309 b6b9b1                      0                           1 
   310 b6b9b2                      0                           1 
   311 b6b9b3                      0                           1 
   312 b6b9b4                      0                           1 
   313 b6b9b5                      0                           1 
   314 b6b9b6                      0                           1 
   315 b6b9b7                      0                           1 
   316 b6b9b8                      0                           1 
   317 b6b9b9                      0                           1 
   318 b6b9b10                     0                           1 
   319 b6b9b11                     0                           1 
   320 b6b9b12                     1                           1 
   321 b6b9b13                     0                           1 
   322 b6b9b14                     1                           1 
   323 b7b3b1                      0                           1 
   324 b7b3b2                      0                           1 
   325 b7b3b3                      0                           1 
   326 b7b3b4                      0                           1 
   327 b7b3b5                      0                           1 
   328 b7b3b6                      0                           1 
   329 b7b3b7                      0                           1 
   330 b7b3b8                      0                           1 
   331 b7b3b9                      0                           1 
   332 b7b3b10                     0                           1 
   333 b7b3b11                     0                           1 
   334 b7b3b12                     1                           1 
   335 b7b3b13                     0                           1 
   336 b7b3b14                     1                           1 
   337 b8b10b1                     0                           1 
   338 b8b10b2                     0                           1 
   339 b8b10b3                     0                           1 
   340 b8b10b4                     0                           1 
   341 b8b10b5                     0                           1 
   342 b8b10b6                     0                           1 
   343 b8b10b7                     0                           1 
   344 b8b10b8                     0                           1 
   345 b8b10b9                     0                           1 
   346 b8b10b10                    0                           1 
   347 b8b10b11                    0                           1 
   348 b8b10b12                    1                           1 
   349 b8b10b13                    0                           1 
   350 b8b10b14                    1                           1 
   351 b9b3b1                      0                           1 
   352 b9b3b2                      0                           1 
   353 b9b3b3                      0                           1 
   354 b9b3b4                      0                           1 
   355 b9b3b5                      0                           1 
   356 b9b3b6                      0                           1 
   357 b9b3b7                      0                           1 
   358 b9b3b8                      0                           1 
   359 b9b3b9                      0                           1 
   360 b9b3b10                     0                           1 
   361 b9b3b11                     0                           1 
   362 b9b3b12                     1                           1 
   363 b9b3b13                     0                           1 
   364 b9b3b14                     1                           1 
   365 b9b6b1                      0                           1 
   366 b9b6b2                      0                           1 
   367 b9b6b3                      0                           1 
   368 b9b6b4                      0                           1 
   369 b9b6b5                      0                           1 
   370 b9b6b6                      0                           1 
   371 b9b6b7                      0                           1 
   372 b9b6b8                      0                           1 
   373 b9b6b9                      0                           1 
   374 b9b6b10                     0                           1 
   375 b9b6b11                     0                           1 
   376 b9b6b12                     1                           1 
   377 b9b6b13                     0                           1 
   378 b9b6b14                     1                           1 
   379 b10b4b1                     0                           1 
   380 b10b4b2                     0                           1 
   381 b10b4b3                     0                           1 
   382 b10b4b4                     0                           1 
   383 b10b4b5                     0                           1 
   384 b10b4b6                     0                           1 
   385 b10b4b7                     0                           1 
   386 b10b4b8                     0                           1 
   387 b10b4b9                     0                           1 
   388 b10b4b10                    0                           1 
   389 b10b4b11                    0                           1 
   390 b10b4b12                    1                           1 
   391 b10b4b13                    0                           1 
   392 b10b4b14                    1                           1 
   393 b10b5b1                     0                           1 
   394 b10b5b2                     0                           1 
   395 b10b5b3                     0                           1 
   396 b10b5b4                     0                           1 
   397 b10b5b5                     0                           1 
   398 b10b5b6                     0                           1 
   399 b10b5b7                     0                           1 
   400 b10b5b8                     0                           1 
   401 b10b5b9                     0                           1 
   402 b10b5b10                    0                           1 
   403 b10b5b11                    0                           1 
   404 b10b5b12                    1                           1 
   405 b10b5b13                    0                           1 
   406 b10b5b14                    1                           1 
   407 b10b8b1                     0                           1 
   408 b10b8b2                     0                           1 
   409 b10b8b3                     0                           1 
   410 b10b8b4                     0                           1 
   411 b10b8b5                     0                           1 
   412 b10b8b6                     0                           1 
   413 b10b8b7                     0                           1 
   414 b10b8b8                     0                           1 
   415 b10b8b9                     0                           1 
   416 b10b8b10                    0                           1 
   417 b10b8b11                    0                           1 
   418 b10b8b12                    1                           1 
   419 b10b8b13                    0                           1 
   420 b10b8b14                    1                           1 
   421 c1                          1             1             = 
   422 c2                          1             1             = 
   423 c3                          1             1             = 
   424 c4                          1             1             = 
   425 c5                          1             1             = 
   426 c6                          1             1             = 
   427 c7                          1             1             = 
   428 c8                          1             1             = 
   429 c9                          1             1             = 
   430 c10                         1             1             = 
   431 d1                          0                           7 
   432 d2                          0                           6 
   433 d3                          0                           8 
   434 d4                          0                          10 
   435 d5                          0                           5 
   436 d6                          0                           6 
   437 d7                          0                           5 
   438 d8                          0                           8 
   439 d9                          0                           9 
   440 d10                         0                           3 
   441 d11                         0                           9 
   442 d12                         5                           6 
   443 d13                         0                           4 
   444 d14                         5                           5 

   No. Column name       Activity     Lower bound   Upper bound
------ ------------    ------------- ------------- -------------
     1 x1           *              0             0             1 
     2 x2           *              0             0             1 
     3 x3           *              0             0             1 
     4 x4           *              0             0             1 
     5 x5           *              0             0             1 
     6 x6           *              0             0             1 
     7 x7           *              0             0             1 
     8 x8           *              0             0             1 
     9 x9           *              0             0             1 
    10 x10          *              0             0             1 
    11 x11          *              0             0             1 
    12 x12          *              1             0             1 
    13 x13          *              0             0             1 
    14 x14          *              1             0             1 
    15 y1,1         *              0             0             1 
    16 y1,2         *              0             0             1 
    17 y1,3         *              0             0             1 
    18 y1,4         *              0             0             1 
    19 y1,5         *              0             0             1 
    20 y1,6         *              0             0             1 
    21 y1,7         *              0             0             1 
    22 y1,8         *              0             0             1 
    23 y1,9         *              0             0             1 
    24 y1,10        *              0             0             1 
    25 y1,11                       0             0               
    26 y1,12                     0.5             0               
    27 y1,13                       0             0               
    28 y1,14                     0.5             0               
    29 y2,1         *              0             0             1 
    30 y2,2         *              0             0             1 
    31 y2,3         *              0             0             1 
    32 y2,4         *              0             0             1 
    33 y2,5         *              0             0             1 
    34 y2,6         *              0             0             1 
    35 y2,7         *              0             0             1 
    36 y2,8         *              0             0             1 
    37 y2,9         *              0             0             1 
    38 y2,10        *              0             0             1 
    39 y2,11                       0             0               
    40 y2,12                     0.5             0               
    41 y2,13                       0             0               
    42 y2,14                     0.5             0               
    43 y3,1         *              0             0             1 
    44 y3,2         *              0             0             1 
    45 y3,3         *              0             0             1 
    46 y3,4         *              0             0             1 
    47 y3,5         *              0             0             1 
    48 y3,6         *              0             0             1 
    49 y3,7         *              0             0             1 
    50 y3,8         *              0             0             1 
    51 y3,9         *              0             0             1 
    52 y3,10        *              0             0             1 
    53 y3,11                       0             0               
    54 y3,12                     0.5             0               
    55 y3,13                       0             0               
    56 y3,14                     0.5             0               
    57 y4,1         *              0             0             1 
    58 y4,2         *              0             0             1 
    59 y4,3         *              0             0             1 
    60 y4,4         *              0             0             1 
    61 y4,5         *              0             0             1 
    62 y4,6         *              0             0             1 
    63 y4,7         *              0             0             1 
    64 y4,8         *              0             0             1 
    65 y4,9         *              0             0             1 
    66 y4,10        *              0             0             1 
    67 y4,11                       0             0               
    68 y4,12                     0.5             0               
    69 y4,13                       0             0               
    70 y4,14                     0.5             0               
    71 y5,1         *              0             0             1 
    72 y5,2         *              0             0             1 
    73 y5,3         *              0             0             1 
    74 y5,4         *              0             0             1 
    75 y5,5         *              0             0             1 
    76 y5,6         *              0             0             1 
    77 y5,7         *              0             0             1 
    78 y5,8         *              0             0             1 
    79 y5,9         *              0             0             1 
    80 y5,10        *              0             0             1 
    81 y5,11                       0             0               
    82 y5,12                     0.5             0               
    83 y5,13                       0             0               
    84 y5,14                     0.5             0               
    85 y6,1         *              0             0             1 
    86 y6,2         *              0             0             1 
    87 y6,3         *              0             0             1 
    88 y6,4         *              0             0             1 
    89 y6,5         *              0             0             1 
    90 y6,6         *              0             0             1 
    91 y6,7         *              0             0             1 
    92 y6,8         *              0             0             1 
    93 y6,9         *              0             0             1 
    94 y6,10        *              0             0             1 
    95 y6,11                       0             0               
    96 y6,12                     0.5             0               
    97 y6,13                       0             0               
    98 y6,14                     0.5             0               
    99 y7,1         *              0             0             1 
   100 y7,2         *              0             0             1 
   101 y7,3         *              0             0             1 
   102 y7,4         *              0             0             1 
   103 y7,5         *              0             0             1 
   104 y7,6         *              0             0             1 
   105 y7,7         *              0             0             1 
   106 y7,8         *              0             0             1 
   107 y7,9         *              0             0             1 
   108 y7,10        *              0             0             1 
   109 y7,11                       0             0               
   110 y7,12                     0.5             0               
   111 y7,13                       0             0               
   112 y7,14                     0.5             0               
   113 y8,1         *              0             0             1 
   114 y8,2         *              0             0             1 
   115 y8,3         *              0             0             1 
   116 y8,4         *              0             0             1 
   117 y8,5         *              0             0             1 
   118 y8,6         *              0             0             1 
   119 y8,7         *              0             0             1 
   120 y8,8         *              0             0             1 
   121 y8,9         *              0             0             1 
   122 y8,10        *              0             0             1 
   123 y8,11                       0             0               
   124 y8,12                     0.5             0               
   125 y8,13                       0             0               
   126 y8,14                     0.5             0               
   127 y9,1         *              0             0             1 
   128 y9,2         *              0             0             1 
   129 y9,3         *              0             0             1 
   130 y9,4         *              0             0             1 
   131 y9,5         *              0             0             1 
   132 y9,6         *              0             0             1 
   133 y9,7         *              0             0             1 
   134 y9,8         *              0             0             1 
   135 y9,9         *              0             0             1 
   136 y9,10        *              0             0             1 
   137 y9,11                       0             0               
   138 y9,12                     0.5             0               
   139 y9,13                       0             0               
   140 y9,14                     0.5             0               
   141 y10,1        *              0             0             1 
   142 y10,2        *              0             0             1 
   143 y10,3        *              0             0             1 
   144 y10,4        *              0             0             1 
   145 y10,5        *              0             0             1 
   146 y10,6        *              0             0             1 
   147 y10,7        *              0             0             1 
   148 y10,8        *              0             0             1 
   149 y10,9        *              0             0             1 
   150 y10,10       *              0             0             1 
   151 y10,11                      0             0               
   152 y10,12                    0.5             0               
   153 y10,13                      0             0               
   154 y10,14                    0.5             0               
   155 y11,1        *              0             0             1 
   156 y11,2        *              0             0             1 
   157 y11,3        *              0             0             1 
   158 y11,4        *              0             0             1 
   159 y11,5        *              0             0             1 
   160 y11,6        *              0             0             1 
   161 y11,7        *              0             0             1 
   162 y11,8        *              0             0             1 
   163 y11,9        *              0             0             1 
   164 y11,10       *              0             0             1 
   165 y12,1        *              0             0             1 
   166 y12,2        *              0             0             1 
   167 y12,3        *              0             0             1 
   168 y12,4        *              0             0             1 
   169 y12,5        *              0             0             1 
   170 y12,6        *              0             0             1 
   171 y12,7        *              0             0             1 
   172 y12,8        *              0             0             1 
   173 y12,9        *              0             0             1 
   174 y12,10       *              0             0             1 
   175 y13,1        *              0             0             1 
   176 y13,2        *              0             0             1 
   177 y13,3        *              0             0             1 
   178 y13,4        *              0             0             1 
   179 y13,5        *              0             0             1 
   180 y13,6        *              0             0             1 
   181 y13,7        *              0             0             1 
   182 y13,8        *              0             0             1 
   183 y13,9        *              0             0             1 
   184 y13,10       *              0             0             1 
   185 y14,1        *              0             0             1 
   186 y14,2        *              0             0             1 
   187 y14,3        *              0             0             1 
   188 y14,4        *              0             0             1 
   189 y14,5        *              0             0             1 
   190 y14,6        *              0             0             1 
   191 y14,7        *              0             0             1 
   192 y14,8        *              0             0             1 
   193 y14,9        *              0             0             1 
   194 y14,10       *              0             0             1 

Integer feasibility conditions:

KKT.PE: max.abs.err = 0.00e+00 on row 0
        max.rel.err = 0.00e+00 on row 0
        High quality

KKT.PB: max.abs.err = 0.00e+00 on row 0
        max.rel.err = 0.00e+00 on row 0
        High quality

End of output
