Problem:    
Rows:       570
Columns:    236 (176 integer, 176 binary)
Non-zeros:  1408
Status:     INTEGER OPTIMAL
Objective:  z = 59 (MINimum)

   No.   Row name        Activity     Lower bound   Upper bound
------ ------------    ------------- ------------- -------------
     1 a1a1                        0                           0 
     2 a1a2                        0                           0 
     3 a1a3                        0                           0 
     4 a1a4                        0                           0 
     5 a1a5                        0                           0 
     6 a1a6                        0                           0 
     7 a1a7                        0                           0 
     8 a1a8                        0                           0 
     9 a1a9                       -1                           0 
    10 a1a10                       0                           0 
    11 a1a11                       0                           0 
    12 a1a12                      -1                           0 
    13 a1a13                       0                           0 
    14 a1a14                       0                           0 
    15 a1a15                       0                           0 
    16 a1a16                       0                           0 
    17 a2a1                        0                           0 
    18 a2a2                        0                           0 
    19 a2a3                        0                           0 
    20 a2a4                        0                           0 
    21 a2a5                        0                           0 
    22 a2a6                        0                           0 
    23 a2a7                        0                           0 
    24 a2a8                        0                           0 
    25 a2a9                       -1                           0 
    26 a2a10                       0                           0 
    27 a2a11                       0                           0 
    28 a2a12                       0                           0 
    29 a2a13                       0                           0 
    30 a2a14                       0                           0 
    31 a2a15                      -1                           0 
    32 a2a16                       0                           0 
    33 a3a1                        0                           0 
    34 a3a2                        0                           0 
    35 a3a3                        0                           0 
    36 a3a4                        0                           0 
    37 a3a5                        0                           0 
    38 a3a6                        0                           0 
    39 a3a7                        0                           0 
    40 a3a8                        0                           0 
    41 a3a9                       -1                           0 
    42 a3a10                       0                           0 
    43 a3a11                       0                           0 
    44 a3a12                      -1                           0 
    45 a3a13                       0                           0 
    46 a3a14                       0                           0 
    47 a3a15                       0                           0 
    48 a3a16                       0                           0 
    49 a4a1                        0                           0 
    50 a4a2                        0                           0 
    51 a4a3                        0                           0 
    52 a4a4                        0                           0 
    53 a4a5                        0                           0 
    54 a4a6                        0                           0 
    55 a4a7                        0                           0 
    56 a4a8                        0                           0 
    57 a4a9                        0                           0 
    58 a4a10                       0                           0 
    59 a4a11                       0                           0 
    60 a4a12                      -1                           0 
    61 a4a13                       0                           0 
    62 a4a14                       0                           0 
    63 a4a15                      -1                           0 
    64 a4a16                       0                           0 
    65 a5a1                        0                           0 
    66 a5a2                        0                           0 
    67 a5a3                        0                           0 
    68 a5a4                        0                           0 
    69 a5a5                        0                           0 
    70 a5a6                        0                           0 
    71 a5a7                        0                           0 
    72 a5a8                        0                           0 
    73 a5a9                        0                           0 
    74 a5a10                       0                           0 
    75 a5a11                       0                           0 
    76 a5a12                      -1                           0 
    77 a5a13                       0                           0 
    78 a5a14                       0                           0 
    79 a5a15                      -1                           0 
    80 a5a16                       0                           0 
    81 a6a1                        0                           0 
    82 a6a2                        0                           0 
    83 a6a3                        0                           0 
    84 a6a4                        0                           0 
    85 a6a5                        0                           0 
    86 a6a6                        0                           0 
    87 a6a7                        0                           0 
    88 a6a8                        0                           0 
    89 a6a9                       -1                           0 
    90 a6a10                       0                           0 
    91 a6a11                       0                           0 
    92 a6a12                      -1                           0 
    93 a6a13                       0                           0 
    94 a6a14                       0                           0 
    95 a6a15                       0                           0 
    96 a6a16                       0                           0 
    97 a7a1                        0                           0 
    98 a7a2                        0                           0 
    99 a7a3                        0                           0 
   100 a7a4                        0                           0 
   101 a7a5                        0                           0 
   102 a7a6                        0                           0 
   103 a7a7                        0                           0 
   104 a7a8                        0                           0 
   105 a7a9                        0                           0 
   106 a7a10                       0                           0 
   107 a7a11                       0                           0 
   108 a7a12                      -1                           0 
   109 a7a13                       0                           0 
   110 a7a14                       0                           0 
   111 a7a15                      -1                           0 
   112 a7a16                       0                           0 
   113 a8a1                        0                           0 
   114 a8a2                        0                           0 
   115 a8a3                        0                           0 
   116 a8a4                        0                           0 
   117 a8a5                        0                           0 
   118 a8a6                        0                           0 
   119 a8a7                        0                           0 
   120 a8a8                        0                           0 
   121 a8a9                       -1                           0 
   122 a8a10                       0                           0 
   123 a8a11                       0                           0 
   124 a8a12                       0                           0 
   125 a8a13                       0                           0 
   126 a8a14                       0                           0 
   127 a8a15                      -1                           0 
   128 a8a16                       0                           0 
   129 a9a1                        0                           0 
   130 a9a2                        0                           0 
   131 a9a3                        0                           0 
   132 a9a4                        0                           0 
   133 a9a5                        0                           0 
   134 a9a6                        0                           0 
   135 a9a7                        0                           0 
   136 a9a8                        0                           0 
   137 a9a9                       -1                           0 
   138 a9a10                       0                           0 
   139 a9a11                       0                           0 
   140 a9a12                       0                           0 
   141 a9a13                       0                           0 
   142 a9a14                       0                           0 
   143 a9a15                      -1                           0 
   144 a9a16                       0                           0 
   145 a10a1                       0                           0 
   146 a10a2                       0                           0 
   147 a10a3                       0                           0 
   148 a10a4                       0                           0 
   149 a10a5                       0                           0 
   150 a10a6                       0                           0 
   151 a10a7                       0                           0 
   152 a10a8                       0                           0 
   153 a10a9                      -1                           0 
   154 a10a10                      0                           0 
   155 a10a11                      0                           0 
   156 a10a12                      0                           0 
   157 a10a13                      0                           0 
   158 a10a14                      0                           0 
   159 a10a15                     -1                           0 
   160 a10a16                      0                           0 
   161 b1b2b1                      0                           1 
   162 b1b2b2                      0                           1 
   163 b1b2b3                      0                           1 
   164 b1b2b4                      0                           1 
   165 b1b2b5                      0                           1 
   166 b1b2b6                      0                           1 
   167 b1b2b7                      0                           1 
   168 b1b2b8                      0                           1 
   169 b1b2b9                      0                           1 
   170 b1b2b10                     0                           1 
   171 b1b2b11                     0                           1 
   172 b1b2b12                     1                           1 
   173 b1b2b13                     0                           1 
   174 b1b2b14                     0                           1 
   175 b1b2b15                     1                           1 
   176 b1b2b16                     0                           1 
   177 b1b5b1                      0                           1 
   178 b1b5b2                      0                           1 
   179 b1b5b3                      0                           1 
   180 b1b5b4                      0                           1 
   181 b1b5b5                      0                           1 
   182 b1b5b6                      0                           1 
   183 b1b5b7                      0                           1 
   184 b1b5b8                      0                           1 
   185 b1b5b9                      1                           1 
   186 b1b5b10                     0                           1 
   187 b1b5b11                     0                           1 
   188 b1b5b12                     0                           1 
   189 b1b5b13                     0                           1 
   190 b1b5b14                     0                           1 
   191 b1b5b15                     1                           1 
   192 b1b5b16                     0                           1 
   193 b1b9b1                      0                           1 
   194 b1b9b2                      0                           1 
   195 b1b9b3                      0                           1 
   196 b1b9b4                      0                           1 
   197 b1b9b5                      0                           1 
   198 b1b9b6                      0                           1 
   199 b1b9b7                      0                           1 
   200 b1b9b8                      0                           1 
   201 b1b9b9                      0                           1 
   202 b1b9b10                     0                           1 
   203 b1b9b11                     0                           1 
   204 b1b9b12                     1                           1 
   205 b1b9b13                     0                           1 
   206 b1b9b14                     0                           1 
   207 b1b9b15                     1                           1 
   208 b1b9b16                     0                           1 
   209 b1b10b1                     0                           1 
   210 b1b10b2                     0                           1 
   211 b1b10b3                     0                           1 
   212 b1b10b4                     0                           1 
   213 b1b10b5                     0                           1 
   214 b1b10b6                     0                           1 
   215 b1b10b7                     0                           1 
   216 b1b10b8                     0                           1 
   217 b1b10b9                     0                           1 
   218 b1b10b10                    0                           1 
   219 b1b10b11                    0                           1 
   220 b1b10b12                    1                           1 
   221 b1b10b13                    0                           1 
   222 b1b10b14                    0                           1 
   223 b1b10b15                    1                           1 
   224 b1b10b16                    0                           1 
   225 b2b1b1                      0                           1 
   226 b2b1b2                      0                           1 
   227 b2b1b3                      0                           1 
   228 b2b1b4                      0                           1 
   229 b2b1b5                      0                           1 
   230 b2b1b6                      0                           1 
   231 b2b1b7                      0                           1 
   232 b2b1b8                      0                           1 
   233 b2b1b9                      0                           1 
   234 b2b1b10                     0                           1 
   235 b2b1b11                     0                           1 
   236 b2b1b12                     1                           1 
   237 b2b1b13                     0                           1 
   238 b2b1b14                     0                           1 
   239 b2b1b15                     1                           1 
   240 b2b1b16                     0                           1 
   241 b2b5b1                      0                           1 
   242 b2b5b2                      0                           1 
   243 b2b5b3                      0                           1 
   244 b2b5b4                      0                           1 
   245 b2b5b5                      0                           1 
   246 b2b5b6                      0                           1 
   247 b2b5b7                      0                           1 
   248 b2b5b8                      0                           1 
   249 b2b5b9                      1                           1 
   250 b2b5b10                     0                           1 
   251 b2b5b11                     0                           1 
   252 b2b5b12                     1                           1 
   253 b2b5b13                     0                           1 
   254 b2b5b14                     0                           1 
   255 b2b5b15                     0                           1 
   256 b2b5b16                     0                           1 
   257 b4b6b1                      0                           1 
   258 b4b6b2                      0                           1 
   259 b4b6b3                      0                           1 
   260 b4b6b4                      0                           1 
   261 b4b6b5                      0                           1 
   262 b4b6b6                      0                           1 
   263 b4b6b7                      0                           1 
   264 b4b6b8                      0                           1 
   265 b4b6b9                      1                           1 
   266 b4b6b10                     0                           1 
   267 b4b6b11                     0                           1 
   268 b4b6b12                     0                           1 
   269 b4b6b13                     0                           1 
   270 b4b6b14                     0                           1 
   271 b4b6b15                     1                           1 
   272 b4b6b16                     0                           1 
   273 b4b10b1                     0                           1 
   274 b4b10b2                     0                           1 
   275 b4b10b3                     0                           1 
   276 b4b10b4                     0                           1 
   277 b4b10b5                     0                           1 
   278 b4b10b6                     0                           1 
   279 b4b10b7                     0                           1 
   280 b4b10b8                     0                           1 
   281 b4b10b9                     1                           1 
   282 b4b10b10                    0                           1 
   283 b4b10b11                    0                           1 
   284 b4b10b12                    1                           1 
   285 b4b10b13                    0                           1 
   286 b4b10b14                    0                           1 
   287 b4b10b15                    0                           1 
   288 b4b10b16                    0                           1 
   289 b5b1b1                      0                           1 
   290 b5b1b2                      0                           1 
   291 b5b1b3                      0                           1 
   292 b5b1b4                      0                           1 
   293 b5b1b5                      0                           1 
   294 b5b1b6                      0                           1 
   295 b5b1b7                      0                           1 
   296 b5b1b8                      0                           1 
   297 b5b1b9                      1                           1 
   298 b5b1b10                     0                           1 
   299 b5b1b11                     0                           1 
   300 b5b1b12                     0                           1 
   301 b5b1b13                     0                           1 
   302 b5b1b14                     0                           1 
   303 b5b1b15                     1                           1 
   304 b5b1b16                     0                           1 
   305 b5b2b1                      0                           1 
   306 b5b2b2                      0                           1 
   307 b5b2b3                      0                           1 
   308 b5b2b4                      0                           1 
   309 b5b2b5                      0                           1 
   310 b5b2b6                      0                           1 
   311 b5b2b7                      0                           1 
   312 b5b2b8                      0                           1 
   313 b5b2b9                      1                           1 
   314 b5b2b10                     0                           1 
   315 b5b2b11                     0                           1 
   316 b5b2b12                     1                           1 
   317 b5b2b13                     0                           1 
   318 b5b2b14                     0                           1 
   319 b5b2b15                     0                           1 
   320 b5b2b16                     0                           1 
   321 b5b8b1                      0                           1 
   322 b5b8b2                      0                           1 
   323 b5b8b3                      0                           1 
   324 b5b8b4                      0                           1 
   325 b5b8b5                      0                           1 
   326 b5b8b6                      0                           1 
   327 b5b8b7                      0                           1 
   328 b5b8b8                      0                           1 
   329 b5b8b9                      1                           1 
   330 b5b8b10                     0                           1 
   331 b5b8b11                     0                           1 
   332 b5b8b12                     1                           1 
   333 b5b8b13                     0                           1 
   334 b5b8b14                     0                           1 
   335 b5b8b15                     0                           1 
   336 b5b8b16                     0                           1 
   337 b5b9b1                      0                           1 
   338 b5b9b2                      0                           1 
   339 b5b9b3                      0                           1 
   340 b5b9b4                      0                           1 
   341 b5b9b5                      0                           1 
   342 b5b9b6                      0                           1 
   343 b5b9b7                      0                           1 
   344 b5b9b8                      0                           1 
   345 b5b9b9                      1                           1 
   346 b5b9b10                     0                           1 
   347 b5b9b11                     0                           1 
   348 b5b9b12                     1                           1 
   349 b5b9b13                     0                           1 
   350 b5b9b14                     0                           1 
   351 b5b9b15                     0                           1 
   352 b5b9b16                     0                           1 
   353 b6b4b1                      0                           1 
   354 b6b4b2                      0                           1 
   355 b6b4b3                      0                           1 
   356 b6b4b4                      0                           1 
   357 b6b4b5                      0                           1 
   358 b6b4b6                      0                           1 
   359 b6b4b7                      0                           1 
   360 b6b4b8                      0                           1 
   361 b6b4b9                      1                           1 
   362 b6b4b10                     0                           1 
   363 b6b4b11                     0                           1 
   364 b6b4b12                     0                           1 
   365 b6b4b13                     0                           1 
   366 b6b4b14                     0                           1 
   367 b6b4b15                     1                           1 
   368 b6b4b16                     0                           1 
   369 b6b9b1                      0                           1 
   370 b6b9b2                      0                           1 
   371 b6b9b3                      0                           1 
   372 b6b9b4                      0                           1 
   373 b6b9b5                      0                           1 
   374 b6b9b6                      0                           1 
   375 b6b9b7                      0                           1 
   376 b6b9b8                      0                           1 
   377 b6b9b9                      0                           1 
   378 b6b9b10                     0                           1 
   379 b6b9b11                     0                           1 
   380 b6b9b12                     1                           1 
   381 b6b9b13                     0                           1 
   382 b6b9b14                     0                           1 
   383 b6b9b15                     1                           1 
   384 b6b9b16                     0                           1 
   385 b6b10b1                     0                           1 
   386 b6b10b2                     0                           1 
   387 b6b10b3                     0                           1 
   388 b6b10b4                     0                           1 
   389 b6b10b5                     0                           1 
   390 b6b10b6                     0                           1 
   391 b6b10b7                     0                           1 
   392 b6b10b8                     0                           1 
   393 b6b10b9                     0                           1 
   394 b6b10b10                    0                           1 
   395 b6b10b11                    0                           1 
   396 b6b10b12                    1                           1 
   397 b6b10b13                    0                           1 
   398 b6b10b14                    0                           1 
   399 b6b10b15                    1                           1 
   400 b6b10b16                    0                           1 
   401 b7b10b1                     0                           1 
   402 b7b10b2                     0                           1 
   403 b7b10b3                     0                           1 
   404 b7b10b4                     0                           1 
   405 b7b10b5                     0                           1 
   406 b7b10b6                     0                           1 
   407 b7b10b7                     0                           1 
   408 b7b10b8                     0                           1 
   409 b7b10b9                     1                           1 
   410 b7b10b10                    0                           1 
   411 b7b10b11                    0                           1 
   412 b7b10b12                    1                           1 
   413 b7b10b13                    0                           1 
   414 b7b10b14                    0                           1 
   415 b7b10b15                    0                           1 
   416 b7b10b16                    0                           1 
   417 b8b5b1                      0                           1 
   418 b8b5b2                      0                           1 
   419 b8b5b3                      0                           1 
   420 b8b5b4                      0                           1 
   421 b8b5b5                      0                           1 
   422 b8b5b6                      0                           1 
   423 b8b5b7                      0                           1 
   424 b8b5b8                      0                           1 
   425 b8b5b9                      1                           1 
   426 b8b5b10                     0                           1 
   427 b8b5b11                     0                           1 
   428 b8b5b12                     1                           1 
   429 b8b5b13                     0                           1 
   430 b8b5b14                     0                           1 
   431 b8b5b15                     0                           1 
   432 b8b5b16                     0                           1 
   433 b9b1b1                      0                           1 
   434 b9b1b2                      0                           1 
   435 b9b1b3                      0                           1 
   436 b9b1b4                      0                           1 
   437 b9b1b5                      0                           1 
   438 b9b1b6                      0                           1 
   439 b9b1b7                      0                           1 
   440 b9b1b8                      0                           1 
   441 b9b1b9                      0                           1 
   442 b9b1b10                     0                           1 
   443 b9b1b11                     0                           1 
   444 b9b1b12                     1                           1 
   445 b9b1b13                     0                           1 
   446 b9b1b14                     0                           1 
   447 b9b1b15                     1                           1 
   448 b9b1b16                     0                           1 
   449 b9b5b1                      0                           1 
   450 b9b5b2                      0                           1 
   451 b9b5b3                      0                           1 
   452 b9b5b4                      0                           1 
   453 b9b5b5                      0                           1 
   454 b9b5b6                      0                           1 
   455 b9b5b7                      0                           1 
   456 b9b5b8                      0                           1 
   457 b9b5b9                      1                           1 
   458 b9b5b10                     0                           1 
   459 b9b5b11                     0                           1 
   460 b9b5b12                     1                           1 
   461 b9b5b13                     0                           1 
   462 b9b5b14                     0                           1 
   463 b9b5b15                     0                           1 
   464 b9b5b16                     0                           1 
   465 b9b6b1                      0                           1 
   466 b9b6b2                      0                           1 
   467 b9b6b3                      0                           1 
   468 b9b6b4                      0                           1 
   469 b9b6b5                      0                           1 
   470 b9b6b6                      0                           1 
   471 b9b6b7                      0                           1 
   472 b9b6b8                      0                           1 
   473 b9b6b9                      0                           1 
   474 b9b6b10                     0                           1 
   475 b9b6b11                     0                           1 
   476 b9b6b12                     1                           1 
   477 b9b6b13                     0                           1 
   478 b9b6b14                     0                           1 
   479 b9b6b15                     1                           1 
   480 b9b6b16                     0                           1 
   481 b10b1b1                     0                           1 
   482 b10b1b2                     0                           1 
   483 b10b1b3                     0                           1 
   484 b10b1b4                     0                           1 
   485 b10b1b5                     0                           1 
   486 b10b1b6                     0                           1 
   487 b10b1b7                     0                           1 
   488 b10b1b8                     0                           1 
   489 b10b1b9                     0                           1 
   490 b10b1b10                    0                           1 
   491 b10b1b11                    0                           1 
   492 b10b1b12                    1                           1 
   493 b10b1b13                    0                           1 
   494 b10b1b14                    0                           1 
   495 b10b1b15                    1                           1 
   496 b10b1b16                    0                           1 
   497 b10b4b1                     0                           1 
   498 b10b4b2                     0                           1 
   499 b10b4b3                     0                           1 
   500 b10b4b4                     0                           1 
   501 b10b4b5                     0                           1 
   502 b10b4b6                     0                           1 
   503 b10b4b7                     0                           1 
   504 b10b4b8                     0                           1 
   505 b10b4b9                     1                           1 
   506 b10b4b10                    0                           1 
   507 b10b4b11                    0                           1 
   508 b10b4b12                    1                           1 
   509 b10b4b13                    0                           1 
   510 b10b4b14                    0                           1 
   511 b10b4b15                    0                           1 
   512 b10b4b16                    0                           1 
   513 b10b6b1                     0                           1 
   514 b10b6b2                     0                           1 
   515 b10b6b3                     0                           1 
   516 b10b6b4                     0                           1 
   517 b10b6b5                     0                           1 
   518 b10b6b6                     0                           1 
   519 b10b6b7                     0                           1 
   520 b10b6b8                     0                           1 
   521 b10b6b9                     0                           1 
   522 b10b6b10                    0                           1 
   523 b10b6b11                    0                           1 
   524 b10b6b12                    1                           1 
   525 b10b6b13                    0                           1 
   526 b10b6b14                    0                           1 
   527 b10b6b15                    1                           1 
   528 b10b6b16                    0                           1 
   529 b10b7b1                     0                           1 
   530 b10b7b2                     0                           1 
   531 b10b7b3                     0                           1 
   532 b10b7b4                     0                           1 
   533 b10b7b5                     0                           1 
   534 b10b7b6                     0                           1 
   535 b10b7b7                     0                           1 
   536 b10b7b8                     0                           1 
   537 b10b7b9                     1                           1 
   538 b10b7b10                    0                           1 
   539 b10b7b11                    0                           1 
   540 b10b7b12                    1                           1 
   541 b10b7b13                    0                           1 
   542 b10b7b14                    0                           1 
   543 b10b7b15                    0                           1 
   544 b10b7b16                    0                           1 
   545 c1                          1             1             = 
   546 c2                          1             1             = 
   547 c3                          1             1             = 
   548 c4                          1             1             = 
   549 c5                          1             1             = 
   550 c6                          1             1             = 
   551 c7                          1             1             = 
   552 c8                          1             1             = 
   553 c9                          1             1             = 
   554 c10                         1             1             = 
   555 d1                          0                           6 
   556 d2                          0                           8 
   557 d3                          0                          10 
   558 d4                          0                           5 
   559 d5                          0                           6 
   560 d6                          0                           5 
   561 d7                          0                           8 
   562 d8                          0                           9 
   563 d9                          3                           3 
   564 d10                         0                           9 
   565 d11                         0                           6 
   566 d12                         4                           4 
   567 d13                         0                           5 
   568 d14                         0                           3 
   569 d15                         3                           3 
   570 d16                         0                           4 

   No. Column name       Activity     Lower bound   Upper bound
------ ------------    ------------- ------------- -------------
     1 x1           *              0             0             1 
     2 x2           *              0             0             1 
     3 x3           *              0             0             1 
     4 x4           *              0             0             1 
     5 x5           *              0             0             1 
     6 x6           *              0             0             1 
     7 x7           *              0             0             1 
     8 x8           *              0             0             1 
     9 x9           *              1             0             1 
    10 x10          *              0             0             1 
    11 x11          *              0             0             1 
    12 x12          *              1             0             1 
    13 x13          *              0             0             1 
    14 x14          *              0             0             1 
    15 x15          *              1             0             1 
    16 x16          *              0             0             1 
    17 y1,1         *              0             0             1 
    18 y1,2         *              0             0             1 
    19 y1,3         *              0             0             1 
    20 y1,4         *              0             0             1 
    21 y1,5         *              0             0             1 
    22 y1,6         *              0             0             1 
    23 y1,7         *              0             0             1 
    24 y1,8         *              0             0             1 
    25 y1,9         *              0             0             1 
    26 y1,10        *              0             0             1 
    27 y1,11                       0             0               
    28 y1,12                       0             0               
    29 y1,13                       0             0               
    30 y1,14                       0             0               
    31 y1,15                       1             0               
    32 y1,16                       0             0               
    33 y2,1         *              0             0             1 
    34 y2,2         *              0             0             1 
    35 y2,3         *              0             0             1 
    36 y2,4         *              0             0             1 
    37 y2,5         *              0             0             1 
    38 y2,6         *              0             0             1 
    39 y2,7         *              0             0             1 
    40 y2,8         *              0             0             1 
    41 y2,9         *              0             0             1 
    42 y2,10        *              0             0             1 
    43 y2,11                       0             0               
    44 y2,12                       1             0               
    45 y2,13                       0             0               
    46 y2,14                       0             0               
    47 y2,15                       0             0               
    48 y2,16                       0             0               
    49 y3,1         *              0             0             1 
    50 y3,2         *              0             0             1 
    51 y3,3         *              0             0             1 
    52 y3,4         *              0             0             1 
    53 y3,5         *              0             0             1 
    54 y3,6         *              0             0             1 
    55 y3,7         *              0             0             1 
    56 y3,8         *              0             0             1 
    57 y3,9         *              0             0             1 
    58 y3,10        *              0             0             1 
    59 y3,11                       0             0               
    60 y3,12                       0             0               
    61 y3,13                       0             0               
    62 y3,14                       0             0               
    63 y3,15                       1             0               
    64 y3,16                       0             0               
    65 y4,1         *              0             0             1 
    66 y4,2         *              0             0             1 
    67 y4,3         *              0             0             1 
    68 y4,4         *              0             0             1 
    69 y4,5         *              0             0             1 
    70 y4,6         *              0             0             1 
    71 y4,7         *              0             0             1 
    72 y4,8         *              0             0             1 
    73 y4,9         *              1             0             1 
    74 y4,10        *              0             0             1 
    75 y4,11                       0             0               
    76 y4,12                       0             0               
    77 y4,13                       0             0               
    78 y4,14                       0             0               
    79 y4,15                       0             0               
    80 y4,16                       0             0               
    81 y5,1         *              0             0             1 
    82 y5,2         *              0             0             1 
    83 y5,3         *              0             0             1 
    84 y5,4         *              0             0             1 
    85 y5,5         *              0             0             1 
    86 y5,6         *              0             0             1 
    87 y5,7         *              0             0             1 
    88 y5,8         *              0             0             1 
    89 y5,9         *              1             0             1 
    90 y5,10        *              0             0             1 
    91 y5,11                       0             0               
    92 y5,12                       0             0               
    93 y5,13                       0             0               
    94 y5,14                       0             0               
    95 y5,15                       0             0               
    96 y5,16                       0             0               
    97 y6,1         *              0             0             1 
    98 y6,2         *              0             0             1 
    99 y6,3         *              0             0             1 
   100 y6,4         *              0             0             1 
   101 y6,5         *              0             0             1 
   102 y6,6         *              0             0             1 
   103 y6,7         *              0             0             1 
   104 y6,8         *              0             0             1 
   105 y6,9         *              0             0             1 
   106 y6,10        *              0             0             1 
   107 y6,11                       0             0               
   108 y6,12                       0             0               
   109 y6,13                       0             0               
   110 y6,14                       0             0               
   111 y6,15                       1             0               
   112 y6,16                       0             0               
   113 y7,1         *              0             0             1 
   114 y7,2         *              0             0             1 
   115 y7,3         *              0             0             1 
   116 y7,4         *              0             0             1 
   117 y7,5         *              0             0             1 
   118 y7,6         *              0             0             1 
   119 y7,7         *              0             0             1 
   120 y7,8         *              0             0             1 
   121 y7,9         *              1             0             1 
   122 y7,10        *              0             0             1 
   123 y7,11                       0             0               
   124 y7,12                       0             0               
   125 y7,13                       0             0               
   126 y7,14                       0             0               
   127 y7,15                       0             0               
   128 y7,16                       0             0               
   129 y8,1         *              0             0             1 
   130 y8,2         *              0             0             1 
   131 y8,3         *              0             0             1 
   132 y8,4         *              0             0             1 
   133 y8,5         *              0             0             1 
   134 y8,6         *              0             0             1 
   135 y8,7         *              0             0             1 
   136 y8,8         *              0             0             1 
   137 y8,9         *              0             0             1 
   138 y8,10        *              0             0             1 
   139 y8,11                       0             0               
   140 y8,12                       1             0               
   141 y8,13                       0             0               
   142 y8,14                       0             0               
   143 y8,15                       0             0               
   144 y8,16                       0             0               
   145 y9,1         *              0             0             1 
   146 y9,2         *              0             0             1 
   147 y9,3         *              0             0             1 
   148 y9,4         *              0             0             1 
   149 y9,5         *              0             0             1 
   150 y9,6         *              0             0             1 
   151 y9,7         *              0             0             1 
   152 y9,8         *              0             0             1 
   153 y9,9         *              0             0             1 
   154 y9,10        *              0             0             1 
   155 y9,11                       0             0               
   156 y9,12                       1             0               
   157 y9,13                       0             0               
   158 y9,14                       0             0               
   159 y9,15                       0             0               
   160 y9,16                       0             0               
   161 y10,1        *              0             0             1 
   162 y10,2        *              0             0             1 
   163 y10,3        *              0             0             1 
   164 y10,4        *              0             0             1 
   165 y10,5        *              0             0             1 
   166 y10,6        *              0             0             1 
   167 y10,7        *              0             0             1 
   168 y10,8        *              0             0             1 
   169 y10,9        *              0             0             1 
   170 y10,10       *              0             0             1 
   171 y10,11                      0             0               
   172 y10,12                      1             0               
   173 y10,13                      0             0               
   174 y10,14                      0             0               
   175 y10,15                      0             0               
   176 y10,16                      0             0               
   177 y11,1        *              0             0             1 
   178 y11,2        *              0             0             1 
   179 y11,3        *              0             0             1 
   180 y11,4        *              0             0             1 
   181 y11,5        *              0             0             1 
   182 y11,6        *              0             0             1 
   183 y11,7        *              0             0             1 
   184 y11,8        *              0             0             1 
   185 y11,9        *              0             0             1 
   186 y11,10       *              0             0             1 
   187 y12,1        *              0             0             1 
   188 y12,2        *              0             0             1 
   189 y12,3        *              0             0             1 
   190 y12,4        *              0             0             1 
   191 y12,5        *              0             0             1 
   192 y12,6        *              0             0             1 
   193 y12,7        *              0             0             1 
   194 y12,8        *              0             0             1 
   195 y12,9        *              0             0             1 
   196 y12,10       *              0             0             1 
   197 y13,1        *              0             0             1 
   198 y13,2        *              0             0             1 
   199 y13,3        *              0             0             1 
   200 y13,4        *              0             0             1 
   201 y13,5        *              0             0             1 
   202 y13,6        *              0             0             1 
   203 y13,7        *              0             0             1 
   204 y13,8        *              0             0             1 
   205 y13,9        *              0             0             1 
   206 y13,10       *              0             0             1 
   207 y14,1        *              0             0             1 
   208 y14,2        *              0             0             1 
   209 y14,3        *              0             0             1 
   210 y14,4        *              0             0             1 
   211 y14,5        *              0             0             1 
   212 y14,6        *              0             0             1 
   213 y14,7        *              0             0             1 
   214 y14,8        *              0             0             1 
   215 y14,9        *              0             0             1 
   216 y14,10       *              0             0             1 
   217 y15,1        *              0             0             1 
   218 y15,2        *              0             0             1 
   219 y15,3        *              0             0             1 
   220 y15,4        *              0             0             1 
   221 y15,5        *              0             0             1 
   222 y15,6        *              0             0             1 
   223 y15,7        *              0             0             1 
   224 y15,8        *              0             0             1 
   225 y15,9        *              0             0             1 
   226 y15,10       *              0             0             1 
   227 y16,1        *              0             0             1 
   228 y16,2        *              0             0             1 
   229 y16,3        *              0             0             1 
   230 y16,4        *              0             0             1 
   231 y16,5        *              0             0             1 
   232 y16,6        *              0             0             1 
   233 y16,7        *              0             0             1 
   234 y16,8        *              0             0             1 
   235 y16,9        *              0             0             1 
   236 y16,10       *              0             0             1 

Integer feasibility conditions:

KKT.PE: max.abs.err = 0.00e+00 on row 0
        max.rel.err = 0.00e+00 on row 0
        High quality

KKT.PB: max.abs.err = 0.00e+00 on row 0
        max.rel.err = 0.00e+00 on row 0
        High quality

End of output
