Problem:    
Rows:       576
Columns:    156 (156 integer, 156 binary)
Non-zeros:  1392
Status:     INTEGER OPTIMAL
Objective:  z = 66 (MINimum)

   No.   Row name        Activity     Lower bound   Upper bound
------ ------------    ------------- ------------- -------------
     1 a1a1                        0                           0 
     2 a1a2                        0                           0 
     3 a1a3                        0                           0 
     4 a1a4                        0                           0 
     5 a1a5                        0                           0 
     6 a1a6                        0                           0 
     7 a1a7                        0                           0 
     8 a1a8                        0                           0 
     9 a1a9                       -1                           0 
    10 a1a10                       0                           0 
    11 a1a11                       0                           0 
    12 a1a12                      -1                           0 
    13 a2a1                        0                           0 
    14 a2a2                        0                           0 
    15 a2a3                        0                           0 
    16 a2a4                       -1                           0 
    17 a2a5                        0                           0 
    18 a2a6                        0                           0 
    19 a2a7                        0                           0 
    20 a2a8                        0                           0 
    21 a2a9                       -1                           0 
    22 a2a10                       0                           0 
    23 a2a11                       0                           0 
    24 a2a12                       0                           0 
    25 a3a1                        0                           0 
    26 a3a2                        0                           0 
    27 a3a3                        0                           0 
    28 a3a4                       -1                           0 
    29 a3a5                        0                           0 
    30 a3a6                        0                           0 
    31 a3a7                        0                           0 
    32 a3a8                        0                           0 
    33 a3a9                       -1                           0 
    34 a3a10                       0                           0 
    35 a3a11                       0                           0 
    36 a3a12                       0                           0 
    37 a4a1                        0                           0 
    38 a4a2                        0                           0 
    39 a4a3                        0                           0 
    40 a4a4                        0                           0 
    41 a4a5                        0                           0 
    42 a4a6                        0                           0 
    43 a4a7                        0                           0 
    44 a4a8                        0                           0 
    45 a4a9                       -1                           0 
    46 a4a10                       0                           0 
    47 a4a11                       0                           0 
    48 a4a12                      -1                           0 
    49 a5a1                        0                           0 
    50 a5a2                        0                           0 
    51 a5a3                        0                           0 
    52 a5a4                        0                           0 
    53 a5a5                        0                           0 
    54 a5a6                        0                           0 
    55 a5a7                        0                           0 
    56 a5a8                        0                           0 
    57 a5a9                       -1                           0 
    58 a5a10                       0                           0 
    59 a5a11                       0                           0 
    60 a5a12                      -1                           0 
    61 a6a1                        0                           0 
    62 a6a2                        0                           0 
    63 a6a3                        0                           0 
    64 a6a4                       -1                           0 
    65 a6a5                        0                           0 
    66 a6a6                        0                           0 
    67 a6a7                        0                           0 
    68 a6a8                        0                           0 
    69 a6a9                       -1                           0 
    70 a6a10                       0                           0 
    71 a6a11                       0                           0 
    72 a6a12                       0                           0 
    73 a7a1                        0                           0 
    74 a7a2                        0                           0 
    75 a7a3                        0                           0 
    76 a7a4                        0                           0 
    77 a7a5                        0                           0 
    78 a7a6                        0                           0 
    79 a7a7                        0                           0 
    80 a7a8                        0                           0 
    81 a7a9                       -1                           0 
    82 a7a10                       0                           0 
    83 a7a11                       0                           0 
    84 a7a12                      -1                           0 
    85 a8a1                        0                           0 
    86 a8a2                        0                           0 
    87 a8a3                        0                           0 
    88 a8a4                       -1                           0 
    89 a8a5                        0                           0 
    90 a8a6                        0                           0 
    91 a8a7                        0                           0 
    92 a8a8                        0                           0 
    93 a8a9                       -1                           0 
    94 a8a10                       0                           0 
    95 a8a11                       0                           0 
    96 a8a12                       0                           0 
    97 a9a1                        0                           0 
    98 a9a2                        0                           0 
    99 a9a3                        0                           0 
   100 a9a4                        0                           0 
   101 a9a5                        0                           0 
   102 a9a6                        0                           0 
   103 a9a7                        0                           0 
   104 a9a8                        0                           0 
   105 a9a9                       -1                           0 
   106 a9a10                       0                           0 
   107 a9a11                       0                           0 
   108 a9a12                      -1                           0 
   109 a10a1                       0                           0 
   110 a10a2                       0                           0 
   111 a10a3                       0                           0 
   112 a10a4                      -1                           0 
   113 a10a5                       0                           0 
   114 a10a6                       0                           0 
   115 a10a7                       0                           0 
   116 a10a8                       0                           0 
   117 a10a9                       0                           0 
   118 a10a10                      0                           0 
   119 a10a11                      0                           0 
   120 a10a12                     -1                           0 
   121 a11a1                       0                           0 
   122 a11a2                       0                           0 
   123 a11a3                       0                           0 
   124 a11a4                      -1                           0 
   125 a11a5                       0                           0 
   126 a11a6                       0                           0 
   127 a11a7                       0                           0 
   128 a11a8                       0                           0 
   129 a11a9                       0                           0 
   130 a11a10                      0                           0 
   131 a11a11                      0                           0 
   132 a11a12                     -1                           0 
   133 a12a1                       0                           0 
   134 a12a2                       0                           0 
   135 a12a3                       0                           0 
   136 a12a4                      -1                           0 
   137 a12a5                       0                           0 
   138 a12a6                       0                           0 
   139 a12a7                       0                           0 
   140 a12a8                       0                           0 
   141 a12a9                       0                           0 
   142 a12a10                      0                           0 
   143 a12a11                      0                           0 
   144 a12a12                     -1                           0 
   145 b1b2b1                      0                           1 
   146 b1b2b2                      0                           1 
   147 b1b2b3                      0                           1 
   148 b1b2b4                      1                           1 
   149 b1b2b5                      0                           1 
   150 b1b2b6                      0                           1 
   151 b1b2b7                      0                           1 
   152 b1b2b8                      0                           1 
   153 b1b2b9                      0                           1 
   154 b1b2b10                     0                           1 
   155 b1b2b11                     0                           1 
   156 b1b2b12                     1                           1 
   157 b1b6b1                      0                           1 
   158 b1b6b2                      0                           1 
   159 b1b6b3                      0                           1 
   160 b1b6b4                      1                           1 
   161 b1b6b5                      0                           1 
   162 b1b6b6                      0                           1 
   163 b1b6b7                      0                           1 
   164 b1b6b8                      0                           1 
   165 b1b6b9                      0                           1 
   166 b1b6b10                     0                           1 
   167 b1b6b11                     0                           1 
   168 b1b6b12                     1                           1 
   169 b1b8b1                      0                           1 
   170 b1b8b2                      0                           1 
   171 b1b8b3                      0                           1 
   172 b1b8b4                      1                           1 
   173 b1b8b5                      0                           1 
   174 b1b8b6                      0                           1 
   175 b1b8b7                      0                           1 
   176 b1b8b8                      0                           1 
   177 b1b8b9                      0                           1 
   178 b1b8b10                     0                           1 
   179 b1b8b11                     0                           1 
   180 b1b8b12                     1                           1 
   181 b2b1b1                      0                           1 
   182 b2b1b2                      0                           1 
   183 b2b1b3                      0                           1 
   184 b2b1b4                      1                           1 
   185 b2b1b5                      0                           1 
   186 b2b1b6                      0                           1 
   187 b2b1b7                      0                           1 
   188 b2b1b8                      0                           1 
   189 b2b1b9                      0                           1 
   190 b2b1b10                     0                           1 
   191 b2b1b11                     0                           1 
   192 b2b1b12                     1                           1 
   193 b2b7b1                      0                           1 
   194 b2b7b2                      0                           1 
   195 b2b7b3                      0                           1 
   196 b2b7b4                      1                           1 
   197 b2b7b5                      0                           1 
   198 b2b7b6                      0                           1 
   199 b2b7b7                      0                           1 
   200 b2b7b8                      0                           1 
   201 b2b7b9                      0                           1 
   202 b2b7b10                     0                           1 
   203 b2b7b11                     0                           1 
   204 b2b7b12                     1                           1 
   205 b2b10b1                     0                           1 
   206 b2b10b2                     0                           1 
   207 b2b10b3                     0                           1 
   208 b2b10b4                     0                           1 
   209 b2b10b5                     0                           1 
   210 b2b10b6                     0                           1 
   211 b2b10b7                     0                           1 
   212 b2b10b8                     0                           1 
   213 b2b10b9                     1                           1 
   214 b2b10b10                    0                           1 
   215 b2b10b11                    0                           1 
   216 b2b10b12                    1                           1 
   217 b2b11b1                     0                           1 
   218 b2b11b2                     0                           1 
   219 b2b11b3                     0                           1 
   220 b2b11b4                     0                           1 
   221 b2b11b5                     0                           1 
   222 b2b11b6                     0                           1 
   223 b2b11b7                     0                           1 
   224 b2b11b8                     0                           1 
   225 b2b11b9                     1                           1 
   226 b2b11b10                    0                           1 
   227 b2b11b11                    0                           1 
   228 b2b11b12                    1                           1 
   229 b3b4b1                      0                           1 
   230 b3b4b2                      0                           1 
   231 b3b4b3                      0                           1 
   232 b3b4b4                      1                           1 
   233 b3b4b5                      0                           1 
   234 b3b4b6                      0                           1 
   235 b3b4b7                      0                           1 
   236 b3b4b8                      0                           1 
   237 b3b4b9                      0                           1 
   238 b3b4b10                     0                           1 
   239 b3b4b11                     0                           1 
   240 b3b4b12                     1                           1 
   241 b3b7b1                      0                           1 
   242 b3b7b2                      0                           1 
   243 b3b7b3                      0                           1 
   244 b3b7b4                      1                           1 
   245 b3b7b5                      0                           1 
   246 b3b7b6                      0                           1 
   247 b3b7b7                      0                           1 
   248 b3b7b8                      0                           1 
   249 b3b7b9                      0                           1 
   250 b3b7b10                     0                           1 
   251 b3b7b11                     0                           1 
   252 b3b7b12                     1                           1 
   253 b4b3b1                      0                           1 
   254 b4b3b2                      0                           1 
   255 b4b3b3                      0                           1 
   256 b4b3b4                      1                           1 
   257 b4b3b5                      0                           1 
   258 b4b3b6                      0                           1 
   259 b4b3b7                      0                           1 
   260 b4b3b8                      0                           1 
   261 b4b3b9                      0                           1 
   262 b4b3b10                     0                           1 
   263 b4b3b11                     0                           1 
   264 b4b3b12                     1                           1 
   265 b4b12b1                     0                           1 
   266 b4b12b2                     0                           1 
   267 b4b12b3                     0                           1 
   268 b4b12b4                     1                           1 
   269 b4b12b5                     0                           1 
   270 b4b12b6                     0                           1 
   271 b4b12b7                     0                           1 
   272 b4b12b8                     0                           1 
   273 b4b12b9                     1                           1 
   274 b4b12b10                    0                           1 
   275 b4b12b11                    0                           1 
   276 b4b12b12                    0                           1 
   277 b5b11b1                     0                           1 
   278 b5b11b2                     0                           1 
   279 b5b11b3                     0                           1 
   280 b5b11b4                     1                           1 
   281 b5b11b5                     0                           1 
   282 b5b11b6                     0                           1 
   283 b5b11b7                     0                           1 
   284 b5b11b8                     0                           1 
   285 b5b11b9                     1                           1 
   286 b5b11b10                    0                           1 
   287 b5b11b11                    0                           1 
   288 b5b11b12                    0                           1 
   289 b6b1b1                      0                           1 
   290 b6b1b2                      0                           1 
   291 b6b1b3                      0                           1 
   292 b6b1b4                      1                           1 
   293 b6b1b5                      0                           1 
   294 b6b1b6                      0                           1 
   295 b6b1b7                      0                           1 
   296 b6b1b8                      0                           1 
   297 b6b1b9                      0                           1 
   298 b6b1b10                     0                           1 
   299 b6b1b11                     0                           1 
   300 b6b1b12                     1                           1 
   301 b6b9b1                      0                           1 
   302 b6b9b2                      0                           1 
   303 b6b9b3                      0                           1 
   304 b6b9b4                      1                           1 
   305 b6b9b5                      0                           1 
   306 b6b9b6                      0                           1 
   307 b6b9b7                      0                           1 
   308 b6b9b8                      0                           1 
   309 b6b9b9                      0                           1 
   310 b6b9b10                     0                           1 
   311 b6b9b11                     0                           1 
   312 b6b9b12                     1                           1 
   313 b7b2b1                      0                           1 
   314 b7b2b2                      0                           1 
   315 b7b2b3                      0                           1 
   316 b7b2b4                      1                           1 
   317 b7b2b5                      0                           1 
   318 b7b2b6                      0                           1 
   319 b7b2b7                      0                           1 
   320 b7b2b8                      0                           1 
   321 b7b2b9                      0                           1 
   322 b7b2b10                     0                           1 
   323 b7b2b11                     0                           1 
   324 b7b2b12                     1                           1 
   325 b7b3b1                      0                           1 
   326 b7b3b2                      0                           1 
   327 b7b3b3                      0                           1 
   328 b7b3b4                      1                           1 
   329 b7b3b5                      0                           1 
   330 b7b3b6                      0                           1 
   331 b7b3b7                      0                           1 
   332 b7b3b8                      0                           1 
   333 b7b3b9                      0                           1 
   334 b7b3b10                     0                           1 
   335 b7b3b11                     0                           1 
   336 b7b3b12                     1                           1 
   337 b7b10b1                     0                           1 
   338 b7b10b2                     0                           1 
   339 b7b10b3                     0                           1 
   340 b7b10b4                     1                           1 
   341 b7b10b5                     0                           1 
   342 b7b10b6                     0                           1 
   343 b7b10b7                     0                           1 
   344 b7b10b8                     0                           1 
   345 b7b10b9                     1                           1 
   346 b7b10b10                    0                           1 
   347 b7b10b11                    0                           1 
   348 b7b10b12                    0                           1 
   349 b8b1b1                      0                           1 
   350 b8b1b2                      0                           1 
   351 b8b1b3                      0                           1 
   352 b8b1b4                      1                           1 
   353 b8b1b5                      0                           1 
   354 b8b1b6                      0                           1 
   355 b8b1b7                      0                           1 
   356 b8b1b8                      0                           1 
   357 b8b1b9                      0                           1 
   358 b8b1b10                     0                           1 
   359 b8b1b11                     0                           1 
   360 b8b1b12                     1                           1 
   361 b8b10b1                     0                           1 
   362 b8b10b2                     0                           1 
   363 b8b10b3                     0                           1 
   364 b8b10b4                     0                           1 
   365 b8b10b5                     0                           1 
   366 b8b10b6                     0                           1 
   367 b8b10b7                     0                           1 
   368 b8b10b8                     0                           1 
   369 b8b10b9                     1                           1 
   370 b8b10b10                    0                           1 
   371 b8b10b11                    0                           1 
   372 b8b10b12                    1                           1 
   373 b8b11b1                     0                           1 
   374 b8b11b2                     0                           1 
   375 b8b11b3                     0                           1 
   376 b8b11b4                     0                           1 
   377 b8b11b5                     0                           1 
   378 b8b11b6                     0                           1 
   379 b8b11b7                     0                           1 
   380 b8b11b8                     0                           1 
   381 b8b11b9                     1                           1 
   382 b8b11b10                    0                           1 
   383 b8b11b11                    0                           1 
   384 b8b11b12                    1                           1 
   385 b8b12b1                     0                           1 
   386 b8b12b2                     0                           1 
   387 b8b12b3                     0                           1 
   388 b8b12b4                     0                           1 
   389 b8b12b5                     0                           1 
   390 b8b12b6                     0                           1 
   391 b8b12b7                     0                           1 
   392 b8b12b8                     0                           1 
   393 b8b12b9                     1                           1 
   394 b8b12b10                    0                           1 
   395 b8b12b11                    0                           1 
   396 b8b12b12                    1                           1 
   397 b9b6b1                      0                           1 
   398 b9b6b2                      0                           1 
   399 b9b6b3                      0                           1 
   400 b9b6b4                      1                           1 
   401 b9b6b5                      0                           1 
   402 b9b6b6                      0                           1 
   403 b9b6b7                      0                           1 
   404 b9b6b8                      0                           1 
   405 b9b6b9                      0                           1 
   406 b9b6b10                     0                           1 
   407 b9b6b11                     0                           1 
   408 b9b6b12                     1                           1 
   409 b9b11b1                     0                           1 
   410 b9b11b2                     0                           1 
   411 b9b11b3                     0                           1 
   412 b9b11b4                     1                           1 
   413 b9b11b5                     0                           1 
   414 b9b11b6                     0                           1 
   415 b9b11b7                     0                           1 
   416 b9b11b8                     0                           1 
   417 b9b11b9                     1                           1 
   418 b9b11b10                    0                           1 
   419 b9b11b11                    0                           1 
   420 b9b11b12                    0                           1 
   421 b9b12b1                     0                           1 
   422 b9b12b2                     0                           1 
   423 b9b12b3                     0                           1 
   424 b9b12b4                     1                           1 
   425 b9b12b5                     0                           1 
   426 b9b12b6                     0                           1 
   427 b9b12b7                     0                           1 
   428 b9b12b8                     0                           1 
   429 b9b12b9                     1                           1 
   430 b9b12b10                    0                           1 
   431 b9b12b11                    0                           1 
   432 b9b12b12                    0                           1 
   433 b10b2b1                     0                           1 
   434 b10b2b2                     0                           1 
   435 b10b2b3                     0                           1 
   436 b10b2b4                     0                           1 
   437 b10b2b5                     0                           1 
   438 b10b2b6                     0                           1 
   439 b10b2b7                     0                           1 
   440 b10b2b8                     0                           1 
   441 b10b2b9                     1                           1 
   442 b10b2b10                    0                           1 
   443 b10b2b11                    0                           1 
   444 b10b2b12                    1                           1 
   445 b10b7b1                     0                           1 
   446 b10b7b2                     0                           1 
   447 b10b7b3                     0                           1 
   448 b10b7b4                     1                           1 
   449 b10b7b5                     0                           1 
   450 b10b7b6                     0                           1 
   451 b10b7b7                     0                           1 
   452 b10b7b8                     0                           1 
   453 b10b7b9                     1                           1 
   454 b10b7b10                    0                           1 
   455 b10b7b11                    0                           1 
   456 b10b7b12                    0                           1 
   457 b10b8b1                     0                           1 
   458 b10b8b2                     0                           1 
   459 b10b8b3                     0                           1 
   460 b10b8b4                     0                           1 
   461 b10b8b5                     0                           1 
   462 b10b8b6                     0                           1 
   463 b10b8b7                     0                           1 
   464 b10b8b8                     0                           1 
   465 b10b8b9                     1                           1 
   466 b10b8b10                    0                           1 
   467 b10b8b11                    0                           1 
   468 b10b8b12                    1                           1 
   469 b11b2b1                     0                           1 
   470 b11b2b2                     0                           1 
   471 b11b2b3                     0                           1 
   472 b11b2b4                     0                           1 
   473 b11b2b5                     0                           1 
   474 b11b2b6                     0                           1 
   475 b11b2b7                     0                           1 
   476 b11b2b8                     0                           1 
   477 b11b2b9                     1                           1 
   478 b11b2b10                    0                           1 
   479 b11b2b11                    0                           1 
   480 b11b2b12                    1                           1 
   481 b11b5b1                     0                           1 
   482 b11b5b2                     0                           1 
   483 b11b5b3                     0                           1 
   484 b11b5b4                     1                           1 
   485 b11b5b5                     0                           1 
   486 b11b5b6                     0                           1 
   487 b11b5b7                     0                           1 
   488 b11b5b8                     0                           1 
   489 b11b5b9                     1                           1 
   490 b11b5b10                    0                           1 
   491 b11b5b11                    0                           1 
   492 b11b5b12                    0                           1 
   493 b11b8b1                     0                           1 
   494 b11b8b2                     0                           1 
   495 b11b8b3                     0                           1 
   496 b11b8b4                     0                           1 
   497 b11b8b5                     0                           1 
   498 b11b8b6                     0                           1 
   499 b11b8b7                     0                           1 
   500 b11b8b8                     0                           1 
   501 b11b8b9                     1                           1 
   502 b11b8b10                    0                           1 
   503 b11b8b11                    0                           1 
   504 b11b8b12                    1                           1 
   505 b11b9b1                     0                           1 
   506 b11b9b2                     0                           1 
   507 b11b9b3                     0                           1 
   508 b11b9b4                     1                           1 
   509 b11b9b5                     0                           1 
   510 b11b9b6                     0                           1 
   511 b11b9b7                     0                           1 
   512 b11b9b8                     0                           1 
   513 b11b9b9                     1                           1 
   514 b11b9b10                    0                           1 
   515 b11b9b11                    0                           1 
   516 b11b9b12                    0                           1 
   517 b12b4b1                     0                           1 
   518 b12b4b2                     0                           1 
   519 b12b4b3                     0                           1 
   520 b12b4b4                     1                           1 
   521 b12b4b5                     0                           1 
   522 b12b4b6                     0                           1 
   523 b12b4b7                     0                           1 
   524 b12b4b8                     0                           1 
   525 b12b4b9                     1                           1 
   526 b12b4b10                    0                           1 
   527 b12b4b11                    0                           1 
   528 b12b4b12                    0                           1 
   529 b12b8b1                     0                           1 
   530 b12b8b2                     0                           1 
   531 b12b8b3                     0                           1 
   532 b12b8b4                     0                           1 
   533 b12b8b5                     0                           1 
   534 b12b8b6                     0                           1 
   535 b12b8b7                     0                           1 
   536 b12b8b8                     0                           1 
   537 b12b8b9                     1                           1 
   538 b12b8b10                    0                           1 
   539 b12b8b11                    0                           1 
   540 b12b8b12                    1                           1 
   541 b12b9b1                     0                           1 
   542 b12b9b2                     0                           1 
   543 b12b9b3                     0                           1 
   544 b12b9b4                     1                           1 
   545 b12b9b5                     0                           1 
   546 b12b9b6                     0                           1 
   547 b12b9b7                     0                           1 
   548 b12b9b8                     0                           1 
   549 b12b9b9                     1                           1 
   550 b12b9b10                    0                           1 
   551 b12b9b11                    0                           1 
   552 b12b9b12                    0                           1 
   553 c1                          1             1             = 
   554 c2                          1             1             = 
   555 c3                          1             1             = 
   556 c4                          1             1             = 
   557 c5                          1             1             = 
   558 c6                          1             1             = 
   559 c7                          1             1             = 
   560 c8                          1             1             = 
   561 c9                          1             1             = 
   562 c10                         1             1             = 
   563 c11                         1             1             = 
   564 c12                         1             1             = 
   565 d1                          0                           6 
   566 d2                          0                           8 
   567 d3                          0                          10 
   568 d4                          5                           5 
   569 d5                          0                           6 
   570 d6                          0                           5 
   571 d7                          0                           8 
   572 d8                          0                           9 
   573 d9                          3                           3 
   574 d10                         0                           9 
   575 d11                         0                           6 
   576 d12                         4                           4 

   No. Column name       Activity     Lower bound   Upper bound
------ ------------    ------------- ------------- -------------
     1 x1           *              0             0             1 
     2 x2           *              0             0             1 
     3 x3           *              0             0             1 
     4 x4           *              1             0             1 
     5 x5           *              0             0             1 
     6 x6           *              0             0             1 
     7 x7           *              0             0             1 
     8 x8           *              0             0             1 
     9 x9           *              1             0             1 
    10 x10          *              0             0             1 
    11 x11          *              0             0             1 
    12 x12          *              1             0             1 
    13 y1,1         *              0             0             1 
    14 y1,2         *              0             0             1 
    15 y1,3         *              0             0             1 
    16 y1,4         *              1             0             1 
    17 y1,5         *              0             0             1 
    18 y1,6         *              0             0             1 
    19 y1,7         *              0             0             1 
    20 y1,8         *              0             0             1 
    21 y1,9         *              0             0             1 
    22 y1,10        *              0             0             1 
    23 y1,11        *              0             0             1 
    24 y1,12        *              0             0             1 
    25 y2,1         *              0             0             1 
    26 y2,2         *              0             0             1 
    27 y2,3         *              0             0             1 
    28 y2,4         *              0             0             1 
    29 y2,5         *              0             0             1 
    30 y2,6         *              0             0             1 
    31 y2,7         *              0             0             1 
    32 y2,8         *              0             0             1 
    33 y2,9         *              0             0             1 
    34 y2,10        *              0             0             1 
    35 y2,11        *              0             0             1 
    36 y2,12        *              1             0             1 
    37 y3,1         *              0             0             1 
    38 y3,2         *              0             0             1 
    39 y3,3         *              0             0             1 
    40 y3,4         *              0             0             1 
    41 y3,5         *              0             0             1 
    42 y3,6         *              0             0             1 
    43 y3,7         *              0             0             1 
    44 y3,8         *              0             0             1 
    45 y3,9         *              0             0             1 
    46 y3,10        *              0             0             1 
    47 y3,11        *              0             0             1 
    48 y3,12        *              1             0             1 
    49 y4,1         *              0             0             1 
    50 y4,2         *              0             0             1 
    51 y4,3         *              0             0             1 
    52 y4,4         *              1             0             1 
    53 y4,5         *              0             0             1 
    54 y4,6         *              0             0             1 
    55 y4,7         *              0             0             1 
    56 y4,8         *              0             0             1 
    57 y4,9         *              0             0             1 
    58 y4,10        *              0             0             1 
    59 y4,11        *              0             0             1 
    60 y4,12        *              0             0             1 
    61 y5,1         *              0             0             1 
    62 y5,2         *              0             0             1 
    63 y5,3         *              0             0             1 
    64 y5,4         *              1             0             1 
    65 y5,5         *              0             0             1 
    66 y5,6         *              0             0             1 
    67 y5,7         *              0             0             1 
    68 y5,8         *              0             0             1 
    69 y5,9         *              0             0             1 
    70 y5,10        *              0             0             1 
    71 y5,11        *              0             0             1 
    72 y5,12        *              0             0             1 
    73 y6,1         *              0             0             1 
    74 y6,2         *              0             0             1 
    75 y6,3         *              0             0             1 
    76 y6,4         *              0             0             1 
    77 y6,5         *              0             0             1 
    78 y6,6         *              0             0             1 
    79 y6,7         *              0             0             1 
    80 y6,8         *              0             0             1 
    81 y6,9         *              0             0             1 
    82 y6,10        *              0             0             1 
    83 y6,11        *              0             0             1 
    84 y6,12        *              1             0             1 
    85 y7,1         *              0             0             1 
    86 y7,2         *              0             0             1 
    87 y7,3         *              0             0             1 
    88 y7,4         *              1             0             1 
    89 y7,5         *              0             0             1 
    90 y7,6         *              0             0             1 
    91 y7,7         *              0             0             1 
    92 y7,8         *              0             0             1 
    93 y7,9         *              0             0             1 
    94 y7,10        *              0             0             1 
    95 y7,11        *              0             0             1 
    96 y7,12        *              0             0             1 
    97 y8,1         *              0             0             1 
    98 y8,2         *              0             0             1 
    99 y8,3         *              0             0             1 
   100 y8,4         *              0             0             1 
   101 y8,5         *              0             0             1 
   102 y8,6         *              0             0             1 
   103 y8,7         *              0             0             1 
   104 y8,8         *              0             0             1 
   105 y8,9         *              0             0             1 
   106 y8,10        *              0             0             1 
   107 y8,11        *              0             0             1 
   108 y8,12        *              1             0             1 
   109 y9,1         *              0             0             1 
   110 y9,2         *              0             0             1 
   111 y9,3         *              0             0             1 
   112 y9,4         *              1             0             1 
   113 y9,5         *              0             0             1 
   114 y9,6         *              0             0             1 
   115 y9,7         *              0             0             1 
   116 y9,8         *              0             0             1 
   117 y9,9         *              0             0             1 
   118 y9,10        *              0             0             1 
   119 y9,11        *              0             0             1 
   120 y9,12        *              0             0             1 
   121 y10,1        *              0             0             1 
   122 y10,2        *              0             0             1 
   123 y10,3        *              0             0             1 
   124 y10,4        *              0             0             1 
   125 y10,5        *              0             0             1 
   126 y10,6        *              0             0             1 
   127 y10,7        *              0             0             1 
   128 y10,8        *              0             0             1 
   129 y10,9        *              1             0             1 
   130 y10,10       *              0             0             1 
   131 y10,11       *              0             0             1 
   132 y10,12       *              0             0             1 
   133 y11,1        *              0             0             1 
   134 y11,2        *              0             0             1 
   135 y11,3        *              0             0             1 
   136 y11,4        *              0             0             1 
   137 y11,5        *              0             0             1 
   138 y11,6        *              0             0             1 
   139 y11,7        *              0             0             1 
   140 y11,8        *              0             0             1 
   141 y11,9        *              1             0             1 
   142 y11,10       *              0             0             1 
   143 y11,11       *              0             0             1 
   144 y11,12       *              0             0             1 
   145 y12,1        *              0             0             1 
   146 y12,2        *              0             0             1 
   147 y12,3        *              0             0             1 
   148 y12,4        *              0             0             1 
   149 y12,5        *              0             0             1 
   150 y12,6        *              0             0             1 
   151 y12,7        *              0             0             1 
   152 y12,8        *              0             0             1 
   153 y12,9        *              1             0             1 
   154 y12,10       *              0             0             1 
   155 y12,11       *              0             0             1 
   156 y12,12       *              0             0             1 

Integer feasibility conditions:

KKT.PE: max.abs.err = 0.00e+00 on row 0
        max.rel.err = 0.00e+00 on row 0
        High quality

KKT.PB: max.abs.err = 0.00e+00 on row 0
        max.rel.err = 0.00e+00 on row 0
        High quality

End of output
