Problem:    
Rows:       1002
Columns:    306 (234 integer, 234 binary)
Non-zeros:  2376
Status:     INTEGER OPTIMAL
Objective:  z = 63 (MINimum)

   No.   Row name        Activity     Lower bound   Upper bound
------ ------------    ------------- ------------- -------------
     1 a1a1                        0                           0 
     2 a1a2                        0                           0 
     3 a1a3                        0                           0 
     4 a1a4                       -1                           0 
     5 a1a5                        0                           0 
     6 a1a6                        0                           0 
     7 a1a7                        0                           0 
     8 a1a8                        0                           0 
     9 a1a9                        0                           0 
    10 a1a10                       0                           0 
    11 a1a11                       0                           0 
    12 a1a12                      -1                           0 
    13 a1a13                       0                           0 
    14 a1a14                       0                           0 
    15 a1a15                       0                           0 
    16 a1a16                       0                           0 
    17 a1a17                       0                           0 
    18 a1a18                       0                           0 
    19 a2a1                        0                           0 
    20 a2a2                        0                           0 
    21 a2a3                        0                           0 
    22 a2a4                       -1                           0 
    23 a2a5                        0                           0 
    24 a2a6                        0                           0 
    25 a2a7                        0                           0 
    26 a2a8                        0                           0 
    27 a2a9                        0                           0 
    28 a2a10                       0                           0 
    29 a2a11                       0                           0 
    30 a2a12                       0                           0 
    31 a2a13                       0                           0 
    32 a2a14                       0                           0 
    33 a2a15                      -1                           0 
    34 a2a16                       0                           0 
    35 a2a17                       0                           0 
    36 a2a18                       0                           0 
    37 a3a1                        0                           0 
    38 a3a2                        0                           0 
    39 a3a3                        0                           0 
    40 a3a4                        0                           0 
    41 a3a5                        0                           0 
    42 a3a6                        0                           0 
    43 a3a7                        0                           0 
    44 a3a8                        0                           0 
    45 a3a9                        0                           0 
    46 a3a10                       0                           0 
    47 a3a11                       0                           0 
    48 a3a12                      -1                           0 
    49 a3a13                       0                           0 
    50 a3a14                       0                           0 
    51 a3a15                      -1                           0 
    52 a3a16                       0                           0 
    53 a3a17                       0                           0 
    54 a3a18                       0                           0 
    55 a4a1                        0                           0 
    56 a4a2                        0                           0 
    57 a4a3                        0                           0 
    58 a4a4                       -1                           0 
    59 a4a5                        0                           0 
    60 a4a6                        0                           0 
    61 a4a7                        0                           0 
    62 a4a8                        0                           0 
    63 a4a9                        0                           0 
    64 a4a10                       0                           0 
    65 a4a11                       0                           0 
    66 a4a12                      -1                           0 
    67 a4a13                       0                           0 
    68 a4a14                       0                           0 
    69 a4a15                       0                           0 
    70 a4a16                       0                           0 
    71 a4a17                       0                           0 
    72 a4a18                       0                           0 
    73 a5a1                        0                           0 
    74 a5a2                        0                           0 
    75 a5a3                        0                           0 
    76 a5a4                       -1                           0 
    77 a5a5                        0                           0 
    78 a5a6                        0                           0 
    79 a5a7                        0                           0 
    80 a5a8                        0                           0 
    81 a5a9                        0                           0 
    82 a5a10                       0                           0 
    83 a5a11                       0                           0 
    84 a5a12                       0                           0 
    85 a5a13                       0                           0 
    86 a5a14                       0                           0 
    87 a5a15                      -1                           0 
    88 a5a16                       0                           0 
    89 a5a17                       0                           0 
    90 a5a18                       0                           0 
    91 a6a1                        0                           0 
    92 a6a2                        0                           0 
    93 a6a3                        0                           0 
    94 a6a4                       -1                           0 
    95 a6a5                        0                           0 
    96 a6a6                        0                           0 
    97 a6a7                        0                           0 
    98 a6a8                        0                           0 
    99 a6a9                        0                           0 
   100 a6a10                       0                           0 
   101 a6a11                       0                           0 
   102 a6a12                       0                           0 
   103 a6a13                       0                           0 
   104 a6a14                       0                           0 
   105 a6a15                      -1                           0 
   106 a6a16                       0                           0 
   107 a6a17                       0                           0 
   108 a6a18                       0                           0 
   109 a7a1                        0                           0 
   110 a7a2                        0                           0 
   111 a7a3                        0                           0 
   112 a7a4                       -1                           0 
   113 a7a5                        0                           0 
   114 a7a6                        0                           0 
   115 a7a7                        0                           0 
   116 a7a8                        0                           0 
   117 a7a9                        0                           0 
   118 a7a10                       0                           0 
   119 a7a11                       0                           0 
   120 a7a12                      -1                           0 
   121 a7a13                       0                           0 
   122 a7a14                       0                           0 
   123 a7a15                       0                           0 
   124 a7a16                       0                           0 
   125 a7a17                       0                           0 
   126 a7a18                       0                           0 
   127 a8a1                        0                           0 
   128 a8a2                        0                           0 
   129 a8a3                        0                           0 
   130 a8a4                        0                           0 
   131 a8a5                        0                           0 
   132 a8a6                        0                           0 
   133 a8a7                        0                           0 
   134 a8a8                        0                           0 
   135 a8a9                        0                           0 
   136 a8a10                       0                           0 
   137 a8a11                       0                           0 
   138 a8a12                      -1                           0 
   139 a8a13                       0                           0 
   140 a8a14                       0                           0 
   141 a8a15                      -1                           0 
   142 a8a16                       0                           0 
   143 a8a17                       0                           0 
   144 a8a18                       0                           0 
   145 a9a1                        0                           0 
   146 a9a2                        0                           0 
   147 a9a3                        0                           0 
   148 a9a4                       -1                           0 
   149 a9a5                        0                           0 
   150 a9a6                        0                           0 
   151 a9a7                        0                           0 
   152 a9a8                        0                           0 
   153 a9a9                        0                           0 
   154 a9a10                       0                           0 
   155 a9a11                       0                           0 
   156 a9a12                       0                           0 
   157 a9a13                       0                           0 
   158 a9a14                       0                           0 
   159 a9a15                      -1                           0 
   160 a9a16                       0                           0 
   161 a9a17                       0                           0 
   162 a9a18                       0                           0 
   163 a10a1                       0                           0 
   164 a10a2                       0                           0 
   165 a10a3                       0                           0 
   166 a10a4                       0                           0 
   167 a10a5                       0                           0 
   168 a10a6                       0                           0 
   169 a10a7                       0                           0 
   170 a10a8                       0                           0 
   171 a10a9                       0                           0 
   172 a10a10                      0                           0 
   173 a10a11                      0                           0 
   174 a10a12                     -1                           0 
   175 a10a13                      0                           0 
   176 a10a14                      0                           0 
   177 a10a15                     -1                           0 
   178 a10a16                      0                           0 
   179 a10a17                      0                           0 
   180 a10a18                      0                           0 
   181 a11a1                       0                           0 
   182 a11a2                       0                           0 
   183 a11a3                       0                           0 
   184 a11a4                       0                           0 
   185 a11a5                       0                           0 
   186 a11a6                       0                           0 
   187 a11a7                       0                           0 
   188 a11a8                       0                           0 
   189 a11a9                       0                           0 
   190 a11a10                      0                           0 
   191 a11a11                      0                           0 
   192 a11a12                     -1                           0 
   193 a11a13                      0                           0 
   194 a11a14                      0                           0 
   195 a11a15                     -1                           0 
   196 a11a16                      0                           0 
   197 a11a17                      0                           0 
   198 a11a18                      0                           0 
   199 a12a1                       0                           0 
   200 a12a2                       0                           0 
   201 a12a3                       0                           0 
   202 a12a4                       0                           0 
   203 a12a5                       0                           0 
   204 a12a6                       0                           0 
   205 a12a7                       0                           0 
   206 a12a8                       0                           0 
   207 a12a9                       0                           0 
   208 a12a10                      0                           0 
   209 a12a11                      0                           0 
   210 a12a12                     -1                           0 
   211 a12a13                      0                           0 
   212 a12a14                      0                           0 
   213 a12a15                     -1                           0 
   214 a12a16                      0                           0 
   215 a12a17                      0                           0 
   216 a12a18                      0                           0 
   217 b1b3b1                      0                           1 
   218 b1b3b2                      0                           1 
   219 b1b3b3                      0                           1 
   220 b1b3b4                      1                           1 
   221 b1b3b5                      0                           1 
   222 b1b3b6                      0                           1 
   223 b1b3b7                      0                           1 
   224 b1b3b8                      0                           1 
   225 b1b3b9                      0                           1 
   226 b1b3b10                     0                           1 
   227 b1b3b11                     0                           1 
   228 b1b3b12                     0                           1 
   229 b1b3b13                     0                           1 
   230 b1b3b14                     0                           1 
   231 b1b3b15                     1                           1 
   232 b1b3b16                     0                           1 
   233 b1b3b17                     0                           1 
   234 b1b3b18                     0                           1 
   235 b1b5b1                      0                           1 
   236 b1b5b2                      0                           1 
   237 b1b5b3                      0                           1 
   238 b1b5b4                      0                           1 
   239 b1b5b5                      0                           1 
   240 b1b5b6                      0                           1 
   241 b1b5b7                      0                           1 
   242 b1b5b8                      0                           1 
   243 b1b5b9                      0                           1 
   244 b1b5b10                     0                           1 
   245 b1b5b11                     0                           1 
   246 b1b5b12                     1                           1 
   247 b1b5b13                     0                           1 
   248 b1b5b14                     0                           1 
   249 b1b5b15                     1                           1 
   250 b1b5b16                     0                           1 
   251 b1b5b17                     0                           1 
   252 b1b5b18                     0                           1 
   253 b1b10b1                     0                           1 
   254 b1b10b2                     0                           1 
   255 b1b10b3                     0                           1 
   256 b1b10b4                     1                           1 
   257 b1b10b5                     0                           1 
   258 b1b10b6                     0                           1 
   259 b1b10b7                     0                           1 
   260 b1b10b8                     0                           1 
   261 b1b10b9                     0                           1 
   262 b1b10b10                    0                           1 
   263 b1b10b11                    0                           1 
   264 b1b10b12                    0                           1 
   265 b1b10b13                    0                           1 
   266 b1b10b14                    0                           1 
   267 b1b10b15                    1                           1 
   268 b1b10b16                    0                           1 
   269 b1b10b17                    0                           1 
   270 b1b10b18                    0                           1 
   271 b1b11b1                     0                           1 
   272 b1b11b2                     0                           1 
   273 b1b11b3                     0                           1 
   274 b1b11b4                     1                           1 
   275 b1b11b5                     0                           1 
   276 b1b11b6                     0                           1 
   277 b1b11b7                     0                           1 
   278 b1b11b8                     0                           1 
   279 b1b11b9                     0                           1 
   280 b1b11b10                    0                           1 
   281 b1b11b11                    0                           1 
   282 b1b11b12                    0                           1 
   283 b1b11b13                    0                           1 
   284 b1b11b14                    0                           1 
   285 b1b11b15                    1                           1 
   286 b1b11b16                    0                           1 
   287 b1b11b17                    0                           1 
   288 b1b11b18                    0                           1 
   289 b1b12b1                     0                           1 
   290 b1b12b2                     0                           1 
   291 b1b12b3                     0                           1 
   292 b1b12b4                     1                           1 
   293 b1b12b5                     0                           1 
   294 b1b12b6                     0                           1 
   295 b1b12b7                     0                           1 
   296 b1b12b8                     0                           1 
   297 b1b12b9                     0                           1 
   298 b1b12b10                    0                           1 
   299 b1b12b11                    0                           1 
   300 b1b12b12                    0                           1 
   301 b1b12b13                    0                           1 
   302 b1b12b14                    0                           1 
   303 b1b12b15                    1                           1 
   304 b1b12b16                    0                           1 
   305 b1b12b17                    0                           1 
   306 b1b12b18                    0                           1 
   307 b2b3b1                      0                           1 
   308 b2b3b2                      0                           1 
   309 b2b3b3                      0                           1 
   310 b2b3b4                      1                           1 
   311 b2b3b5                      0                           1 
   312 b2b3b6                      0                           1 
   313 b2b3b7                      0                           1 
   314 b2b3b8                      0                           1 
   315 b2b3b9                      0                           1 
   316 b2b3b10                     0                           1 
   317 b2b3b11                     0                           1 
   318 b2b3b12                     1                           1 
   319 b2b3b13                     0                           1 
   320 b2b3b14                     0                           1 
   321 b2b3b15                     0                           1 
   322 b2b3b16                     0                           1 
   323 b2b3b17                     0                           1 
   324 b2b3b18                     0                           1 
   325 b2b8b1                      0                           1 
   326 b2b8b2                      0                           1 
   327 b2b8b3                      0                           1 
   328 b2b8b4                      1                           1 
   329 b2b8b5                      0                           1 
   330 b2b8b6                      0                           1 
   331 b2b8b7                      0                           1 
   332 b2b8b8                      0                           1 
   333 b2b8b9                      0                           1 
   334 b2b8b10                     0                           1 
   335 b2b8b11                     0                           1 
   336 b2b8b12                     1                           1 
   337 b2b8b13                     0                           1 
   338 b2b8b14                     0                           1 
   339 b2b8b15                     0                           1 
   340 b2b8b16                     0                           1 
   341 b2b8b17                     0                           1 
   342 b2b8b18                     0                           1 
   343 b2b10b1                     0                           1 
   344 b2b10b2                     0                           1 
   345 b2b10b3                     0                           1 
   346 b2b10b4                     1                           1 
   347 b2b10b5                     0                           1 
   348 b2b10b6                     0                           1 
   349 b2b10b7                     0                           1 
   350 b2b10b8                     0                           1 
   351 b2b10b9                     0                           1 
   352 b2b10b10                    0                           1 
   353 b2b10b11                    0                           1 
   354 b2b10b12                    1                           1 
   355 b2b10b13                    0                           1 
   356 b2b10b14                    0                           1 
   357 b2b10b15                    0                           1 
   358 b2b10b16                    0                           1 
   359 b2b10b17                    0                           1 
   360 b2b10b18                    0                           1 
   361 b2b11b1                     0                           1 
   362 b2b11b2                     0                           1 
   363 b2b11b3                     0                           1 
   364 b2b11b4                     1                           1 
   365 b2b11b5                     0                           1 
   366 b2b11b6                     0                           1 
   367 b2b11b7                     0                           1 
   368 b2b11b8                     0                           1 
   369 b2b11b9                     0                           1 
   370 b2b11b10                    0                           1 
   371 b2b11b11                    0                           1 
   372 b2b11b12                    1                           1 
   373 b2b11b13                    0                           1 
   374 b2b11b14                    0                           1 
   375 b2b11b15                    0                           1 
   376 b2b11b16                    0                           1 
   377 b2b11b17                    0                           1 
   378 b2b11b18                    0                           1 
   379 b2b12b1                     0                           1 
   380 b2b12b2                     0                           1 
   381 b2b12b3                     0                           1 
   382 b2b12b4                     1                           1 
   383 b2b12b5                     0                           1 
   384 b2b12b6                     0                           1 
   385 b2b12b7                     0                           1 
   386 b2b12b8                     0                           1 
   387 b2b12b9                     0                           1 
   388 b2b12b10                    0                           1 
   389 b2b12b11                    0                           1 
   390 b2b12b12                    1                           1 
   391 b2b12b13                    0                           1 
   392 b2b12b14                    0                           1 
   393 b2b12b15                    0                           1 
   394 b2b12b16                    0                           1 
   395 b2b12b17                    0                           1 
   396 b2b12b18                    0                           1 
   397 b3b1b1                      0                           1 
   398 b3b1b2                      0                           1 
   399 b3b1b3                      0                           1 
   400 b3b1b4                      1                           1 
   401 b3b1b5                      0                           1 
   402 b3b1b6                      0                           1 
   403 b3b1b7                      0                           1 
   404 b3b1b8                      0                           1 
   405 b3b1b9                      0                           1 
   406 b3b1b10                     0                           1 
   407 b3b1b11                     0                           1 
   408 b3b1b12                     0                           1 
   409 b3b1b13                     0                           1 
   410 b3b1b14                     0                           1 
   411 b3b1b15                     1                           1 
   412 b3b1b16                     0                           1 
   413 b3b1b17                     0                           1 
   414 b3b1b18                     0                           1 
   415 b3b2b1                      0                           1 
   416 b3b2b2                      0                           1 
   417 b3b2b3                      0                           1 
   418 b3b2b4                      1                           1 
   419 b3b2b5                      0                           1 
   420 b3b2b6                      0                           1 
   421 b3b2b7                      0                           1 
   422 b3b2b8                      0                           1 
   423 b3b2b9                      0                           1 
   424 b3b2b10                     0                           1 
   425 b3b2b11                     0                           1 
   426 b3b2b12                     1                           1 
   427 b3b2b13                     0                           1 
   428 b3b2b14                     0                           1 
   429 b3b2b15                     0                           1 
   430 b3b2b16                     0                           1 
   431 b3b2b17                     0                           1 
   432 b3b2b18                     0                           1 
   433 b4b9b1                      0                           1 
   434 b4b9b2                      0                           1 
   435 b4b9b3                      0                           1 
   436 b4b9b4                      0                           1 
   437 b4b9b5                      0                           1 
   438 b4b9b6                      0                           1 
   439 b4b9b7                      0                           1 
   440 b4b9b8                      0                           1 
   441 b4b9b9                      0                           1 
   442 b4b9b10                     0                           1 
   443 b4b9b11                     0                           1 
   444 b4b9b12                     1                           1 
   445 b4b9b13                     0                           1 
   446 b4b9b14                     0                           1 
   447 b4b9b15                     1                           1 
   448 b4b9b16                     0                           1 
   449 b4b9b17                     0                           1 
   450 b4b9b18                     0                           1 
   451 b4b11b1                     0                           1 
   452 b4b11b2                     0                           1 
   453 b4b11b3                     0                           1 
   454 b4b11b4                     1                           1 
   455 b4b11b5                     0                           1 
   456 b4b11b6                     0                           1 
   457 b4b11b7                     0                           1 
   458 b4b11b8                     0                           1 
   459 b4b11b9                     0                           1 
   460 b4b11b10                    0                           1 
   461 b4b11b11                    0                           1 
   462 b4b11b12                    0                           1 
   463 b4b11b13                    0                           1 
   464 b4b11b14                    0                           1 
   465 b4b11b15                    1                           1 
   466 b4b11b16                    0                           1 
   467 b4b11b17                    0                           1 
   468 b4b11b18                    0                           1 
   469 b5b1b1                      0                           1 
   470 b5b1b2                      0                           1 
   471 b5b1b3                      0                           1 
   472 b5b1b4                      0                           1 
   473 b5b1b5                      0                           1 
   474 b5b1b6                      0                           1 
   475 b5b1b7                      0                           1 
   476 b5b1b8                      0                           1 
   477 b5b1b9                      0                           1 
   478 b5b1b10                     0                           1 
   479 b5b1b11                     0                           1 
   480 b5b1b12                     1                           1 
   481 b5b1b13                     0                           1 
   482 b5b1b14                     0                           1 
   483 b5b1b15                     1                           1 
   484 b5b1b16                     0                           1 
   485 b5b1b17                     0                           1 
   486 b5b1b18                     0                           1 
   487 b5b7b1                      0                           1 
   488 b5b7b2                      0                           1 
   489 b5b7b3                      0                           1 
   490 b5b7b4                      0                           1 
   491 b5b7b5                      0                           1 
   492 b5b7b6                      0                           1 
   493 b5b7b7                      0                           1 
   494 b5b7b8                      0                           1 
   495 b5b7b9                      0                           1 
   496 b5b7b10                     0                           1 
   497 b5b7b11                     0                           1 
   498 b5b7b12                     1                           1 
   499 b5b7b13                     0                           1 
   500 b5b7b14                     0                           1 
   501 b5b7b15                     1                           1 
   502 b5b7b16                     0                           1 
   503 b5b7b17                     0                           1 
   504 b5b7b18                     0                           1 
   505 b5b12b1                     0                           1 
   506 b5b12b2                     0                           1 
   507 b5b12b3                     0                           1 
   508 b5b12b4                     1                           1 
   509 b5b12b5                     0                           1 
   510 b5b12b6                     0                           1 
   511 b5b12b7                     0                           1 
   512 b5b12b8                     0                           1 
   513 b5b12b9                     0                           1 
   514 b5b12b10                    0                           1 
   515 b5b12b11                    0                           1 
   516 b5b12b12                    1                           1 
   517 b5b12b13                    0                           1 
   518 b5b12b14                    0                           1 
   519 b5b12b15                    0                           1 
   520 b5b12b16                    0                           1 
   521 b5b12b17                    0                           1 
   522 b5b12b18                    0                           1 
   523 b6b8b1                      0                           1 
   524 b6b8b2                      0                           1 
   525 b6b8b3                      0                           1 
   526 b6b8b4                      1                           1 
   527 b6b8b5                      0                           1 
   528 b6b8b6                      0                           1 
   529 b6b8b7                      0                           1 
   530 b6b8b8                      0                           1 
   531 b6b8b9                      0                           1 
   532 b6b8b10                     0                           1 
   533 b6b8b11                     0                           1 
   534 b6b8b12                     1                           1 
   535 b6b8b13                     0                           1 
   536 b6b8b14                     0                           1 
   537 b6b8b15                     0                           1 
   538 b6b8b16                     0                           1 
   539 b6b8b17                     0                           1 
   540 b6b8b18                     0                           1 
   541 b6b11b1                     0                           1 
   542 b6b11b2                     0                           1 
   543 b6b11b3                     0                           1 
   544 b6b11b4                     1                           1 
   545 b6b11b5                     0                           1 
   546 b6b11b6                     0                           1 
   547 b6b11b7                     0                           1 
   548 b6b11b8                     0                           1 
   549 b6b11b9                     0                           1 
   550 b6b11b10                    0                           1 
   551 b6b11b11                    0                           1 
   552 b6b11b12                    1                           1 
   553 b6b11b13                    0                           1 
   554 b6b11b14                    0                           1 
   555 b6b11b15                    0                           1 
   556 b6b11b16                    0                           1 
   557 b6b11b17                    0                           1 
   558 b6b11b18                    0                           1 
   559 b7b5b1                      0                           1 
   560 b7b5b2                      0                           1 
   561 b7b5b3                      0                           1 
   562 b7b5b4                      0                           1 
   563 b7b5b5                      0                           1 
   564 b7b5b6                      0                           1 
   565 b7b5b7                      0                           1 
   566 b7b5b8                      0                           1 
   567 b7b5b9                      0                           1 
   568 b7b5b10                     0                           1 
   569 b7b5b11                     0                           1 
   570 b7b5b12                     1                           1 
   571 b7b5b13                     0                           1 
   572 b7b5b14                     0                           1 
   573 b7b5b15                     1                           1 
   574 b7b5b16                     0                           1 
   575 b7b5b17                     0                           1 
   576 b7b5b18                     0                           1 
   577 b7b8b1                      0                           1 
   578 b7b8b2                      0                           1 
   579 b7b8b3                      0                           1 
   580 b7b8b4                      1                           1 
   581 b7b8b5                      0                           1 
   582 b7b8b6                      0                           1 
   583 b7b8b7                      0                           1 
   584 b7b8b8                      0                           1 
   585 b7b8b9                      0                           1 
   586 b7b8b10                     0                           1 
   587 b7b8b11                     0                           1 
   588 b7b8b12                     0                           1 
   589 b7b8b13                     0                           1 
   590 b7b8b14                     0                           1 
   591 b7b8b15                     1                           1 
   592 b7b8b16                     0                           1 
   593 b7b8b17                     0                           1 
   594 b7b8b18                     0                           1 
   595 b7b9b1                      0                           1 
   596 b7b9b2                      0                           1 
   597 b7b9b3                      0                           1 
   598 b7b9b4                      0                           1 
   599 b7b9b5                      0                           1 
   600 b7b9b6                      0                           1 
   601 b7b9b7                      0                           1 
   602 b7b9b8                      0                           1 
   603 b7b9b9                      0                           1 
   604 b7b9b10                     0                           1 
   605 b7b9b11                     0                           1 
   606 b7b9b12                     1                           1 
   607 b7b9b13                     0                           1 
   608 b7b9b14                     0                           1 
   609 b7b9b15                     1                           1 
   610 b7b9b16                     0                           1 
   611 b7b9b17                     0                           1 
   612 b7b9b18                     0                           1 
   613 b7b10b1                     0                           1 
   614 b7b10b2                     0                           1 
   615 b7b10b3                     0                           1 
   616 b7b10b4                     1                           1 
   617 b7b10b5                     0                           1 
   618 b7b10b6                     0                           1 
   619 b7b10b7                     0                           1 
   620 b7b10b8                     0                           1 
   621 b7b10b9                     0                           1 
   622 b7b10b10                    0                           1 
   623 b7b10b11                    0                           1 
   624 b7b10b12                    0                           1 
   625 b7b10b13                    0                           1 
   626 b7b10b14                    0                           1 
   627 b7b10b15                    1                           1 
   628 b7b10b16                    0                           1 
   629 b7b10b17                    0                           1 
   630 b7b10b18                    0                           1 
   631 b7b11b1                     0                           1 
   632 b7b11b2                     0                           1 
   633 b7b11b3                     0                           1 
   634 b7b11b4                     1                           1 
   635 b7b11b5                     0                           1 
   636 b7b11b6                     0                           1 
   637 b7b11b7                     0                           1 
   638 b7b11b8                     0                           1 
   639 b7b11b9                     0                           1 
   640 b7b11b10                    0                           1 
   641 b7b11b11                    0                           1 
   642 b7b11b12                    0                           1 
   643 b7b11b13                    0                           1 
   644 b7b11b14                    0                           1 
   645 b7b11b15                    1                           1 
   646 b7b11b16                    0                           1 
   647 b7b11b17                    0                           1 
   648 b7b11b18                    0                           1 
   649 b7b12b1                     0                           1 
   650 b7b12b2                     0                           1 
   651 b7b12b3                     0                           1 
   652 b7b12b4                     1                           1 
   653 b7b12b5                     0                           1 
   654 b7b12b6                     0                           1 
   655 b7b12b7                     0                           1 
   656 b7b12b8                     0                           1 
   657 b7b12b9                     0                           1 
   658 b7b12b10                    0                           1 
   659 b7b12b11                    0                           1 
   660 b7b12b12                    0                           1 
   661 b7b12b13                    0                           1 
   662 b7b12b14                    0                           1 
   663 b7b12b15                    1                           1 
   664 b7b12b16                    0                           1 
   665 b7b12b17                    0                           1 
   666 b7b12b18                    0                           1 
   667 b8b2b1                      0                           1 
   668 b8b2b2                      0                           1 
   669 b8b2b3                      0                           1 
   670 b8b2b4                      1                           1 
   671 b8b2b5                      0                           1 
   672 b8b2b6                      0                           1 
   673 b8b2b7                      0                           1 
   674 b8b2b8                      0                           1 
   675 b8b2b9                      0                           1 
   676 b8b2b10                     0                           1 
   677 b8b2b11                     0                           1 
   678 b8b2b12                     1                           1 
   679 b8b2b13                     0                           1 
   680 b8b2b14                     0                           1 
   681 b8b2b15                     0                           1 
   682 b8b2b16                     0                           1 
   683 b8b2b17                     0                           1 
   684 b8b2b18                     0                           1 
   685 b8b6b1                      0                           1 
   686 b8b6b2                      0                           1 
   687 b8b6b3                      0                           1 
   688 b8b6b4                      1                           1 
   689 b8b6b5                      0                           1 
   690 b8b6b6                      0                           1 
   691 b8b6b7                      0                           1 
   692 b8b6b8                      0                           1 
   693 b8b6b9                      0                           1 
   694 b8b6b10                     0                           1 
   695 b8b6b11                     0                           1 
   696 b8b6b12                     1                           1 
   697 b8b6b13                     0                           1 
   698 b8b6b14                     0                           1 
   699 b8b6b15                     0                           1 
   700 b8b6b16                     0                           1 
   701 b8b6b17                     0                           1 
   702 b8b6b18                     0                           1 
   703 b8b7b1                      0                           1 
   704 b8b7b2                      0                           1 
   705 b8b7b3                      0                           1 
   706 b8b7b4                      1                           1 
   707 b8b7b5                      0                           1 
   708 b8b7b6                      0                           1 
   709 b8b7b7                      0                           1 
   710 b8b7b8                      0                           1 
   711 b8b7b9                      0                           1 
   712 b8b7b10                     0                           1 
   713 b8b7b11                     0                           1 
   714 b8b7b12                     0                           1 
   715 b8b7b13                     0                           1 
   716 b8b7b14                     0                           1 
   717 b8b7b15                     1                           1 
   718 b8b7b16                     0                           1 
   719 b8b7b17                     0                           1 
   720 b8b7b18                     0                           1 
   721 b9b4b1                      0                           1 
   722 b9b4b2                      0                           1 
   723 b9b4b3                      0                           1 
   724 b9b4b4                      0                           1 
   725 b9b4b5                      0                           1 
   726 b9b4b6                      0                           1 
   727 b9b4b7                      0                           1 
   728 b9b4b8                      0                           1 
   729 b9b4b9                      0                           1 
   730 b9b4b10                     0                           1 
   731 b9b4b11                     0                           1 
   732 b9b4b12                     1                           1 
   733 b9b4b13                     0                           1 
   734 b9b4b14                     0                           1 
   735 b9b4b15                     1                           1 
   736 b9b4b16                     0                           1 
   737 b9b4b17                     0                           1 
   738 b9b4b18                     0                           1 
   739 b9b7b1                      0                           1 
   740 b9b7b2                      0                           1 
   741 b9b7b3                      0                           1 
   742 b9b7b4                      0                           1 
   743 b9b7b5                      0                           1 
   744 b9b7b6                      0                           1 
   745 b9b7b7                      0                           1 
   746 b9b7b8                      0                           1 
   747 b9b7b9                      0                           1 
   748 b9b7b10                     0                           1 
   749 b9b7b11                     0                           1 
   750 b9b7b12                     1                           1 
   751 b9b7b13                     0                           1 
   752 b9b7b14                     0                           1 
   753 b9b7b15                     1                           1 
   754 b9b7b16                     0                           1 
   755 b9b7b17                     0                           1 
   756 b9b7b18                     0                           1 
   757 b10b1b1                     0                           1 
   758 b10b1b2                     0                           1 
   759 b10b1b3                     0                           1 
   760 b10b1b4                     1                           1 
   761 b10b1b5                     0                           1 
   762 b10b1b6                     0                           1 
   763 b10b1b7                     0                           1 
   764 b10b1b8                     0                           1 
   765 b10b1b9                     0                           1 
   766 b10b1b10                    0                           1 
   767 b10b1b11                    0                           1 
   768 b10b1b12                    0                           1 
   769 b10b1b13                    0                           1 
   770 b10b1b14                    0                           1 
   771 b10b1b15                    1                           1 
   772 b10b1b16                    0                           1 
   773 b10b1b17                    0                           1 
   774 b10b1b18                    0                           1 
   775 b10b2b1                     0                           1 
   776 b10b2b2                     0                           1 
   777 b10b2b3                     0                           1 
   778 b10b2b4                     1                           1 
   779 b10b2b5                     0                           1 
   780 b10b2b6                     0                           1 
   781 b10b2b7                     0                           1 
   782 b10b2b8                     0                           1 
   783 b10b2b9                     0                           1 
   784 b10b2b10                    0                           1 
   785 b10b2b11                    0                           1 
   786 b10b2b12                    1                           1 
   787 b10b2b13                    0                           1 
   788 b10b2b14                    0                           1 
   789 b10b2b15                    0                           1 
   790 b10b2b16                    0                           1 
   791 b10b2b17                    0                           1 
   792 b10b2b18                    0                           1 
   793 b10b7b1                     0                           1 
   794 b10b7b2                     0                           1 
   795 b10b7b3                     0                           1 
   796 b10b7b4                     1                           1 
   797 b10b7b5                     0                           1 
   798 b10b7b6                     0                           1 
   799 b10b7b7                     0                           1 
   800 b10b7b8                     0                           1 
   801 b10b7b9                     0                           1 
   802 b10b7b10                    0                           1 
   803 b10b7b11                    0                           1 
   804 b10b7b12                    0                           1 
   805 b10b7b13                    0                           1 
   806 b10b7b14                    0                           1 
   807 b10b7b15                    1                           1 
   808 b10b7b16                    0                           1 
   809 b10b7b17                    0                           1 
   810 b10b7b18                    0                           1 
   811 b11b1b1                     0                           1 
   812 b11b1b2                     0                           1 
   813 b11b1b3                     0                           1 
   814 b11b1b4                     1                           1 
   815 b11b1b5                     0                           1 
   816 b11b1b6                     0                           1 
   817 b11b1b7                     0                           1 
   818 b11b1b8                     0                           1 
   819 b11b1b9                     0                           1 
   820 b11b1b10                    0                           1 
   821 b11b1b11                    0                           1 
   822 b11b1b12                    0                           1 
   823 b11b1b13                    0                           1 
   824 b11b1b14                    0                           1 
   825 b11b1b15                    1                           1 
   826 b11b1b16                    0                           1 
   827 b11b1b17                    0                           1 
   828 b11b1b18                    0                           1 
   829 b11b2b1                     0                           1 
   830 b11b2b2                     0                           1 
   831 b11b2b3                     0                           1 
   832 b11b2b4                     1                           1 
   833 b11b2b5                     0                           1 
   834 b11b2b6                     0                           1 
   835 b11b2b7                     0                           1 
   836 b11b2b8                     0                           1 
   837 b11b2b9                     0                           1 
   838 b11b2b10                    0                           1 
   839 b11b2b11                    0                           1 
   840 b11b2b12                    1                           1 
   841 b11b2b13                    0                           1 
   842 b11b2b14                    0                           1 
   843 b11b2b15                    0                           1 
   844 b11b2b16                    0                           1 
   845 b11b2b17                    0                           1 
   846 b11b2b18                    0                           1 
   847 b11b4b1                     0                           1 
   848 b11b4b2                     0                           1 
   849 b11b4b3                     0                           1 
   850 b11b4b4                     1                           1 
   851 b11b4b5                     0                           1 
   852 b11b4b6                     0                           1 
   853 b11b4b7                     0                           1 
   854 b11b4b8                     0                           1 
   855 b11b4b9                     0                           1 
   856 b11b4b10                    0                           1 
   857 b11b4b11                    0                           1 
   858 b11b4b12                    0                           1 
   859 b11b4b13                    0                           1 
   860 b11b4b14                    0                           1 
   861 b11b4b15                    1                           1 
   862 b11b4b16                    0                           1 
   863 b11b4b17                    0                           1 
   864 b11b4b18                    0                           1 
   865 b11b6b1                     0                           1 
   866 b11b6b2                     0                           1 
   867 b11b6b3                     0                           1 
   868 b11b6b4                     1                           1 
   869 b11b6b5                     0                           1 
   870 b11b6b6                     0                           1 
   871 b11b6b7                     0                           1 
   872 b11b6b8                     0                           1 
   873 b11b6b9                     0                           1 
   874 b11b6b10                    0                           1 
   875 b11b6b11                    0                           1 
   876 b11b6b12                    1                           1 
   877 b11b6b13                    0                           1 
   878 b11b6b14                    0                           1 
   879 b11b6b15                    0                           1 
   880 b11b6b16                    0                           1 
   881 b11b6b17                    0                           1 
   882 b11b6b18                    0                           1 
   883 b11b7b1                     0                           1 
   884 b11b7b2                     0                           1 
   885 b11b7b3                     0                           1 
   886 b11b7b4                     1                           1 
   887 b11b7b5                     0                           1 
   888 b11b7b6                     0                           1 
   889 b11b7b7                     0                           1 
   890 b11b7b8                     0                           1 
   891 b11b7b9                     0                           1 
   892 b11b7b10                    0                           1 
   893 b11b7b11                    0                           1 
   894 b11b7b12                    0                           1 
   895 b11b7b13                    0                           1 
   896 b11b7b14                    0                           1 
   897 b11b7b15                    1                           1 
   898 b11b7b16                    0                           1 
   899 b11b7b17                    0                           1 
   900 b11b7b18                    0                           1 
   901 b12b1b1                     0                           1 
   902 b12b1b2                     0                           1 
   903 b12b1b3                     0                           1 
   904 b12b1b4                     1                           1 
   905 b12b1b5                     0                           1 
   906 b12b1b6                     0                           1 
   907 b12b1b7                     0                           1 
   908 b12b1b8                     0                           1 
   909 b12b1b9                     0                           1 
   910 b12b1b10                    0                           1 
   911 b12b1b11                    0                           1 
   912 b12b1b12                    0                           1 
   913 b12b1b13                    0                           1 
   914 b12b1b14                    0                           1 
   915 b12b1b15                    1                           1 
   916 b12b1b16                    0                           1 
   917 b12b1b17                    0                           1 
   918 b12b1b18                    0                           1 
   919 b12b2b1                     0                           1 
   920 b12b2b2                     0                           1 
   921 b12b2b3                     0                           1 
   922 b12b2b4                     1                           1 
   923 b12b2b5                     0                           1 
   924 b12b2b6                     0                           1 
   925 b12b2b7                     0                           1 
   926 b12b2b8                     0                           1 
   927 b12b2b9                     0                           1 
   928 b12b2b10                    0                           1 
   929 b12b2b11                    0                           1 
   930 b12b2b12                    1                           1 
   931 b12b2b13                    0                           1 
   932 b12b2b14                    0                           1 
   933 b12b2b15                    0                           1 
   934 b12b2b16                    0                           1 
   935 b12b2b17                    0                           1 
   936 b12b2b18                    0                           1 
   937 b12b5b1                     0                           1 
   938 b12b5b2                     0                           1 
   939 b12b5b3                     0                           1 
   940 b12b5b4                     1                           1 
   941 b12b5b5                     0                           1 
   942 b12b5b6                     0                           1 
   943 b12b5b7                     0                           1 
   944 b12b5b8                     0                           1 
   945 b12b5b9                     0                           1 
   946 b12b5b10                    0                           1 
   947 b12b5b11                    0                           1 
   948 b12b5b12                    1                           1 
   949 b12b5b13                    0                           1 
   950 b12b5b14                    0                           1 
   951 b12b5b15                    0                           1 
   952 b12b5b16                    0                           1 
   953 b12b5b17                    0                           1 
   954 b12b5b18                    0                           1 
   955 b12b7b1                     0                           1 
   956 b12b7b2                     0                           1 
   957 b12b7b3                     0                           1 
   958 b12b7b4                     1                           1 
   959 b12b7b5                     0                           1 
   960 b12b7b6                     0                           1 
   961 b12b7b7                     0                           1 
   962 b12b7b8                     0                           1 
   963 b12b7b9                     0                           1 
   964 b12b7b10                    0                           1 
   965 b12b7b11                    0                           1 
   966 b12b7b12                    0                           1 
   967 b12b7b13                    0                           1 
   968 b12b7b14                    0                           1 
   969 b12b7b15                    1                           1 
   970 b12b7b16                    0                           1 
   971 b12b7b17                    0                           1 
   972 b12b7b18                    0                           1 
   973 c1                          1             1             = 
   974 c2                          1             1             = 
   975 c3                          1             1             = 
   976 c4                          1             1             = 
   977 c5                          1             1             = 
   978 c6                          1             1             = 
   979 c7                          1             1             = 
   980 c8                          1             1             = 
   981 c9                          1             1             = 
   982 c10                         1             1             = 
   983 c11                         1             1             = 
   984 c12                         1             1             = 
   985 d1                          0                           6 
   986 d2                          0                           8 
   987 d3                          0                          10 
   988 d4                          5                           5 
   989 d5                          0                           6 
   990 d6                          0                           5 
   991 d7                          0                           8 
   992 d8                          0                           9 
   993 d9                          0                           3 
   994 d10                         0                           9 
   995 d11                         0                           6 
   996 d12                         4                           4 
   997 d13                         0                           5 
   998 d14                         0                           3 
   999 d15                         3                           3 
  1000 d16                         0                           4 
  1001 d17                         0                           9 
  1002 d18                         0                          10 

   No. Column name       Activity     Lower bound   Upper bound
------ ------------    ------------- ------------- -------------
     1 x1           *              0             0             1 
     2 x2           *              0             0             1 
     3 x3           *              0             0             1 
     4 x4           *              1             0             1 
     5 x5           *              0             0             1 
     6 x6           *              0             0             1 
     7 x7           *              0             0             1 
     8 x8           *              0             0             1 
     9 x9           *              0             0             1 
    10 x10          *              0             0             1 
    11 x11          *              0             0             1 
    12 x12          *              1             0             1 
    13 x13          *              0             0             1 
    14 x14          *              0             0             1 
    15 x15          *              1             0             1 
    16 x16          *              0             0             1 
    17 x17          *              0             0             1 
    18 x18          *              0             0             1 
    19 y1,1         *              0             0             1 
    20 y1,2         *              0             0             1 
    21 y1,3         *              0             0             1 
    22 y1,4         *              0             0             1 
    23 y1,5         *              0             0             1 
    24 y1,6         *              0             0             1 
    25 y1,7         *              0             0             1 
    26 y1,8         *              0             0             1 
    27 y1,9         *              0             0             1 
    28 y1,10        *              0             0             1 
    29 y1,11        *              0             0             1 
    30 y1,12        *              0             0             1 
    31 y1,13                       0             0               
    32 y1,14                       0             0               
    33 y1,15                       1             0               
    34 y1,16                       0             0               
    35 y1,17                       0             0               
    36 y1,18                       0             0               
    37 y2,1         *              0             0             1 
    38 y2,2         *              0             0             1 
    39 y2,3         *              0             0             1 
    40 y2,4         *              0             0             1 
    41 y2,5         *              0             0             1 
    42 y2,6         *              0             0             1 
    43 y2,7         *              0             0             1 
    44 y2,8         *              0             0             1 
    45 y2,9         *              0             0             1 
    46 y2,10        *              0             0             1 
    47 y2,11        *              0             0             1 
    48 y2,12        *              1             0             1 
    49 y2,13                       0             0               
    50 y2,14                       0             0               
    51 y2,15                       0             0               
    52 y2,16                       0             0               
    53 y2,17                       0             0               
    54 y2,18                       0             0               
    55 y3,1         *              0             0             1 
    56 y3,2         *              0             0             1 
    57 y3,3         *              0             0             1 
    58 y3,4         *              1             0             1 
    59 y3,5         *              0             0             1 
    60 y3,6         *              0             0             1 
    61 y3,7         *              0             0             1 
    62 y3,8         *              0             0             1 
    63 y3,9         *              0             0             1 
    64 y3,10        *              0             0             1 
    65 y3,11        *              0             0             1 
    66 y3,12        *              0             0             1 
    67 y3,13                       0             0               
    68 y3,14                       0             0               
    69 y3,15                       0             0               
    70 y3,16                       0             0               
    71 y3,17                       0             0               
    72 y3,18                       0             0               
    73 y4,1         *              0             0             1 
    74 y4,2         *              0             0             1 
    75 y4,3         *              0             0             1 
    76 y4,4         *              0             0             1 
    77 y4,5         *              0             0             1 
    78 y4,6         *              0             0             1 
    79 y4,7         *              0             0             1 
    80 y4,8         *              0             0             1 
    81 y4,9         *              0             0             1 
    82 y4,10        *              0             0             1 
    83 y4,11        *              0             0             1 
    84 y4,12        *              0             0             1 
    85 y4,13                       0             0               
    86 y4,14                       0             0               
    87 y4,15                       1             0               
    88 y4,16                       0             0               
    89 y4,17                       0             0               
    90 y4,18                       0             0               
    91 y5,1         *              0             0             1 
    92 y5,2         *              0             0             1 
    93 y5,3         *              0             0             1 
    94 y5,4         *              0             0             1 
    95 y5,5         *              0             0             1 
    96 y5,6         *              0             0             1 
    97 y5,7         *              0             0             1 
    98 y5,8         *              0             0             1 
    99 y5,9         *              0             0             1 
   100 y5,10        *              0             0             1 
   101 y5,11        *              0             0             1 
   102 y5,12        *              1             0             1 
   103 y5,13                       0             0               
   104 y5,14                       0             0               
   105 y5,15                       0             0               
   106 y5,16                       0             0               
   107 y5,17                       0             0               
   108 y5,18                       0             0               
   109 y6,1         *              0             0             1 
   110 y6,2         *              0             0             1 
   111 y6,3         *              0             0             1 
   112 y6,4         *              0             0             1 
   113 y6,5         *              0             0             1 
   114 y6,6         *              0             0             1 
   115 y6,7         *              0             0             1 
   116 y6,8         *              0             0             1 
   117 y6,9         *              0             0             1 
   118 y6,10        *              0             0             1 
   119 y6,11        *              0             0             1 
   120 y6,12        *              1             0             1 
   121 y6,13                       0             0               
   122 y6,14                       0             0               
   123 y6,15                       0             0               
   124 y6,16                       0             0               
   125 y6,17                       0             0               
   126 y6,18                       0             0               
   127 y7,1         *              0             0             1 
   128 y7,2         *              0             0             1 
   129 y7,3         *              0             0             1 
   130 y7,4         *              0             0             1 
   131 y7,5         *              0             0             1 
   132 y7,6         *              0             0             1 
   133 y7,7         *              0             0             1 
   134 y7,8         *              0             0             1 
   135 y7,9         *              0             0             1 
   136 y7,10        *              0             0             1 
   137 y7,11        *              0             0             1 
   138 y7,12        *              0             0             1 
   139 y7,13                       0             0               
   140 y7,14                       0             0               
   141 y7,15                       1             0               
   142 y7,16                       0             0               
   143 y7,17                       0             0               
   144 y7,18                       0             0               
   145 y8,1         *              0             0             1 
   146 y8,2         *              0             0             1 
   147 y8,3         *              0             0             1 
   148 y8,4         *              1             0             1 
   149 y8,5         *              0             0             1 
   150 y8,6         *              0             0             1 
   151 y8,7         *              0             0             1 
   152 y8,8         *              0             0             1 
   153 y8,9         *              0             0             1 
   154 y8,10        *              0             0             1 
   155 y8,11        *              0             0             1 
   156 y8,12        *              0             0             1 
   157 y8,13                       0             0               
   158 y8,14                       0             0               
   159 y8,15                       0             0               
   160 y8,16                       0             0               
   161 y8,17                       0             0               
   162 y8,18                       0             0               
   163 y9,1         *              0             0             1 
   164 y9,2         *              0             0             1 
   165 y9,3         *              0             0             1 
   166 y9,4         *              0             0             1 
   167 y9,5         *              0             0             1 
   168 y9,6         *              0             0             1 
   169 y9,7         *              0             0             1 
   170 y9,8         *              0             0             1 
   171 y9,9         *              0             0             1 
   172 y9,10        *              0             0             1 
   173 y9,11        *              0             0             1 
   174 y9,12        *              1             0             1 
   175 y9,13                       0             0               
   176 y9,14                       0             0               
   177 y9,15                       0             0               
   178 y9,16                       0             0               
   179 y9,17                       0             0               
   180 y9,18                       0             0               
   181 y10,1        *              0             0             1 
   182 y10,2        *              0             0             1 
   183 y10,3        *              0             0             1 
   184 y10,4        *              1             0             1 
   185 y10,5        *              0             0             1 
   186 y10,6        *              0             0             1 
   187 y10,7        *              0             0             1 
   188 y10,8        *              0             0             1 
   189 y10,9        *              0             0             1 
   190 y10,10       *              0             0             1 
   191 y10,11       *              0             0             1 
   192 y10,12       *              0             0             1 
   193 y10,13                      0             0               
   194 y10,14                      0             0               
   195 y10,15                      0             0               
   196 y10,16                      0             0               
   197 y10,17                      0             0               
   198 y10,18                      0             0               
   199 y11,1        *              0             0             1 
   200 y11,2        *              0             0             1 
   201 y11,3        *              0             0             1 
   202 y11,4        *              1             0             1 
   203 y11,5        *              0             0             1 
   204 y11,6        *              0             0             1 
   205 y11,7        *              0             0             1 
   206 y11,8        *              0             0             1 
   207 y11,9        *              0             0             1 
   208 y11,10       *              0             0             1 
   209 y11,11       *              0             0             1 
   210 y11,12       *              0             0             1 
   211 y11,13                      0             0               
   212 y11,14                      0             0               
   213 y11,15                      0             0               
   214 y11,16                      0             0               
   215 y11,17                      0             0               
   216 y11,18                      0             0               
   217 y12,1        *              0             0             1 
   218 y12,2        *              0             0             1 
   219 y12,3        *              0             0             1 
   220 y12,4        *              1             0             1 
   221 y12,5        *              0             0             1 
   222 y12,6        *              0             0             1 
   223 y12,7        *              0             0             1 
   224 y12,8        *              0             0             1 
   225 y12,9        *              0             0             1 
   226 y12,10       *              0             0             1 
   227 y12,11       *              0             0             1 
   228 y12,12       *              0             0             1 
   229 y12,13                      0             0               
   230 y12,14                      0             0               
   231 y12,15                      0             0               
   232 y12,16                      0             0               
   233 y12,17                      0             0               
   234 y12,18                      0             0               
   235 y13,1        *              0             0             1 
   236 y13,2        *              0             0             1 
   237 y13,3        *              0             0             1 
   238 y13,4        *              0             0             1 
   239 y13,5        *              0             0             1 
   240 y13,6        *              0             0             1 
   241 y13,7        *              0             0             1 
   242 y13,8        *              0             0             1 
   243 y13,9        *              0             0             1 
   244 y13,10       *              0             0             1 
   245 y13,11       *              0             0             1 
   246 y13,12       *              0             0             1 
   247 y14,1        *              0             0             1 
   248 y14,2        *              0             0             1 
   249 y14,3        *              0             0             1 
   250 y14,4        *              0             0             1 
   251 y14,5        *              0             0             1 
   252 y14,6        *              0             0             1 
   253 y14,7        *              0             0             1 
   254 y14,8        *              0             0             1 
   255 y14,9        *              0             0             1 
   256 y14,10       *              0             0             1 
   257 y14,11       *              0             0             1 
   258 y14,12       *              0             0             1 
   259 y15,1        *              0             0             1 
   260 y15,2        *              0             0             1 
   261 y15,3        *              0             0             1 
   262 y15,4        *              0             0             1 
   263 y15,5        *              0             0             1 
   264 y15,6        *              0             0             1 
   265 y15,7        *              0             0             1 
   266 y15,8        *              0             0             1 
   267 y15,9        *              0             0             1 
   268 y15,10       *              0             0             1 
   269 y15,11       *              0             0             1 
   270 y15,12       *              0             0             1 
   271 y16,1        *              0             0             1 
   272 y16,2        *              0             0             1 
   273 y16,3        *              0             0             1 
   274 y16,4        *              0             0             1 
   275 y16,5        *              0             0             1 
   276 y16,6        *              0             0             1 
   277 y16,7        *              0             0             1 
   278 y16,8        *              0             0             1 
   279 y16,9        *              0             0             1 
   280 y16,10       *              0             0             1 
   281 y16,11       *              0             0             1 
   282 y16,12       *              0             0             1 
   283 y17,1        *              0             0             1 
   284 y17,2        *              0             0             1 
   285 y17,3        *              0             0             1 
   286 y17,4        *              0             0             1 
   287 y17,5        *              0             0             1 
   288 y17,6        *              0             0             1 
   289 y17,7        *              0             0             1 
   290 y17,8        *              0             0             1 
   291 y17,9        *              0             0             1 
   292 y17,10       *              0             0             1 
   293 y17,11       *              0             0             1 
   294 y17,12       *              0             0             1 
   295 y18,1        *              0             0             1 
   296 y18,2        *              0             0             1 
   297 y18,3        *              0             0             1 
   298 y18,4        *              0             0             1 
   299 y18,5        *              0             0             1 
   300 y18,6        *              0             0             1 
   301 y18,7        *              0             0             1 
   302 y18,8        *              0             0             1 
   303 y18,9        *              0             0             1 
   304 y18,10       *              0             0             1 
   305 y18,11       *              0             0             1 
   306 y18,12       *              0             0             1 

Integer feasibility conditions:

KKT.PE: max.abs.err = 0.00e+00 on row 0
        max.rel.err = 0.00e+00 on row 0
        High quality

KKT.PB: max.abs.err = 0.00e+00 on row 0
        max.rel.err = 0.00e+00 on row 0
        High quality

End of output
