Problem:    
Rows:       860
Columns:    256 (208 integer, 208 binary)
Non-zeros:  2048
Status:     INTEGER OPTIMAL
Objective:  z = 71 (MINimum)

   No.   Row name        Activity     Lower bound   Upper bound
------ ------------    ------------- ------------- -------------
     1 a1a1                        0                           0 
     2 a1a2                        0                           0 
     3 a1a3                        0                           0 
     4 a1a4                        0                           0 
     5 a1a5                        0                           0 
     6 a1a6                        0                           0 
     7 a1a7                        0                           0 
     8 a1a8                        0                           0 
     9 a1a9                        0                           0 
    10 a1a10                       0                           0 
    11 a1a11                       0                           0 
    12 a1a12                       0                           0 
    13 a1a13                       0                           0 
    14 a1a14                      -1                           0 
    15 a1a15                      -1                           0 
    16 a1a16                       0                           0 
    17 a2a1                        0                           0 
    18 a2a2                        0                           0 
    19 a2a3                        0                           0 
    20 a2a4                        0                           0 
    21 a2a5                        0                           0 
    22 a2a6                        0                           0 
    23 a2a7                        0                           0 
    24 a2a8                        0                           0 
    25 a2a9                        0                           0 
    26 a2a10                       0                           0 
    27 a2a11                       0                           0 
    28 a2a12                       0                           0 
    29 a2a13                       0                           0 
    30 a2a14                      -1                           0 
    31 a2a15                      -1                           0 
    32 a2a16                       0                           0 
    33 a3a1                        0                           0 
    34 a3a2                        0                           0 
    35 a3a3                        0                           0 
    36 a3a4                        0                           0 
    37 a3a5                        0                           0 
    38 a3a6                        0                           0 
    39 a3a7                        0                           0 
    40 a3a8                        0                           0 
    41 a3a9                        0                           0 
    42 a3a10                       0                           0 
    43 a3a11                       0                           0 
    44 a3a12                       0                           0 
    45 a3a13                       0                           0 
    46 a3a14                      -1                           0 
    47 a3a15                      -1                           0 
    48 a3a16                       0                           0 
    49 a4a1                        0                           0 
    50 a4a2                        0                           0 
    51 a4a3                       -1                           0 
    52 a4a4                        0                           0 
    53 a4a5                        0                           0 
    54 a4a6                        0                           0 
    55 a4a7                        0                           0 
    56 a4a8                        0                           0 
    57 a4a9                        0                           0 
    58 a4a10                       0                           0 
    59 a4a11                       0                           0 
    60 a4a12                       0                           0 
    61 a4a13                       0                           0 
    62 a4a14                    -0.5                           0 
    63 a4a15                    -0.5                           0 
    64 a4a16                       0                           0 
    65 a5a1                        0                           0 
    66 a5a2                        0                           0 
    67 a5a3                        0                           0 
    68 a5a4                        0                           0 
    69 a5a5                        0                           0 
    70 a5a6                        0                           0 
    71 a5a7                        0                           0 
    72 a5a8                        0                           0 
    73 a5a9                        0                           0 
    74 a5a10                       0                           0 
    75 a5a11                       0                           0 
    76 a5a12                       0                           0 
    77 a5a13                       0                           0 
    78 a5a14                      -1                           0 
    79 a5a15                      -1                           0 
    80 a5a16                       0                           0 
    81 a6a1                        0                           0 
    82 a6a2                        0                           0 
    83 a6a3                       -1                           0 
    84 a6a4                        0                           0 
    85 a6a5                        0                           0 
    86 a6a6                        0                           0 
    87 a6a7                        0                           0 
    88 a6a8                        0                           0 
    89 a6a9                        0                           0 
    90 a6a10                       0                           0 
    91 a6a11                       0                           0 
    92 a6a12                       0                           0 
    93 a6a13                       0                           0 
    94 a6a14                      -1                           0 
    95 a6a15                       0                           0 
    96 a6a16                       0                           0 
    97 a7a1                        0                           0 
    98 a7a2                        0                           0 
    99 a7a3                       -1                           0 
   100 a7a4                        0                           0 
   101 a7a5                        0                           0 
   102 a7a6                        0                           0 
   103 a7a7                        0                           0 
   104 a7a8                        0                           0 
   105 a7a9                        0                           0 
   106 a7a10                       0                           0 
   107 a7a11                       0                           0 
   108 a7a12                       0                           0 
   109 a7a13                       0                           0 
   110 a7a14                    -0.5                           0 
   111 a7a15                    -0.5                           0 
   112 a7a16                       0                           0 
   113 a8a1                        0                           0 
   114 a8a2                        0                           0 
   115 a8a3                       -1                           0 
   116 a8a4                        0                           0 
   117 a8a5                        0                           0 
   118 a8a6                        0                           0 
   119 a8a7                        0                           0 
   120 a8a8                        0                           0 
   121 a8a9                        0                           0 
   122 a8a10                       0                           0 
   123 a8a11                       0                           0 
   124 a8a12                       0                           0 
   125 a8a13                       0                           0 
   126 a8a14                    -0.5                           0 
   127 a8a15                    -0.5                           0 
   128 a8a16                       0                           0 
   129 a9a1                        0                           0 
   130 a9a2                        0                           0 
   131 a9a3                       -1                           0 
   132 a9a4                        0                           0 
   133 a9a5                        0                           0 
   134 a9a6                        0                           0 
   135 a9a7                        0                           0 
   136 a9a8                        0                           0 
   137 a9a9                        0                           0 
   138 a9a10                       0                           0 
   139 a9a11                       0                           0 
   140 a9a12                       0                           0 
   141 a9a13                       0                           0 
   142 a9a14                    -0.5                           0 
   143 a9a15                    -0.5                           0 
   144 a9a16                       0                           0 
   145 a10a1                       0                           0 
   146 a10a2                       0                           0 
   147 a10a3                       0                           0 
   148 a10a4                       0                           0 
   149 a10a5                       0                           0 
   150 a10a6                       0                           0 
   151 a10a7                       0                           0 
   152 a10a8                       0                           0 
   153 a10a9                       0                           0 
   154 a10a10                      0                           0 
   155 a10a11                      0                           0 
   156 a10a12                      0                           0 
   157 a10a13                      0                           0 
   158 a10a14                     -1                           0 
   159 a10a15                     -1                           0 
   160 a10a16                      0                           0 
   161 a11a1                       0                           0 
   162 a11a2                       0                           0 
   163 a11a3                      -1                           0 
   164 a11a4                       0                           0 
   165 a11a5                       0                           0 
   166 a11a6                       0                           0 
   167 a11a7                       0                           0 
   168 a11a8                       0                           0 
   169 a11a9                       0                           0 
   170 a11a10                      0                           0 
   171 a11a11                      0                           0 
   172 a11a12                      0                           0 
   173 a11a13                      0                           0 
   174 a11a14                   -0.5                           0 
   175 a11a15                   -0.5                           0 
   176 a11a16                      0                           0 
   177 a12a1                       0                           0 
   178 a12a2                       0                           0 
   179 a12a3                      -1                           0 
   180 a12a4                       0                           0 
   181 a12a5                       0                           0 
   182 a12a6                       0                           0 
   183 a12a7                       0                           0 
   184 a12a8                       0                           0 
   185 a12a9                       0                           0 
   186 a12a10                      0                           0 
   187 a12a11                      0                           0 
   188 a12a12                      0                           0 
   189 a12a13                      0                           0 
   190 a12a14                   -0.5                           0 
   191 a12a15                   -0.5                           0 
   192 a12a16                      0                           0 
   193 b1b6b1                      0                           1 
   194 b1b6b2                      0                           1 
   195 b1b6b3                      1                           1 
   196 b1b6b4                      0                           1 
   197 b1b6b5                      0                           1 
   198 b1b6b6                      0                           1 
   199 b1b6b7                      0                           1 
   200 b1b6b8                      0                           1 
   201 b1b6b9                      0                           1 
   202 b1b6b10                     0                           1 
   203 b1b6b11                     0                           1 
   204 b1b6b12                     0                           1 
   205 b1b6b13                     0                           1 
   206 b1b6b14                     0                           1 
   207 b1b6b15                     1                           1 
   208 b1b6b16                     0                           1 
   209 b2b4b1                      0                           1 
   210 b2b4b2                      0                           1 
   211 b2b4b3                      1                           1 
   212 b2b4b4                      0                           1 
   213 b2b4b5                      0                           1 
   214 b2b4b6                      0                           1 
   215 b2b4b7                      0                           1 
   216 b2b4b8                      0                           1 
   217 b2b4b9                      0                           1 
   218 b2b4b10                     0                           1 
   219 b2b4b11                     0                           1 
   220 b2b4b12                     0                           1 
   221 b2b4b13                     0                           1 
   222 b2b4b14                   0.5                           1 
   223 b2b4b15                   0.5                           1 
   224 b2b4b16                     0                           1 
   225 b2b12b1                     0                           1 
   226 b2b12b2                     0                           1 
   227 b2b12b3                     1                           1 
   228 b2b12b4                     0                           1 
   229 b2b12b5                     0                           1 
   230 b2b12b6                     0                           1 
   231 b2b12b7                     0                           1 
   232 b2b12b8                     0                           1 
   233 b2b12b9                     0                           1 
   234 b2b12b10                    0                           1 
   235 b2b12b11                    0                           1 
   236 b2b12b12                    0                           1 
   237 b2b12b13                    0                           1 
   238 b2b12b14                  0.5                           1 
   239 b2b12b15                  0.5                           1 
   240 b2b12b16                    0                           1 
   241 b3b4b1                      0                           1 
   242 b3b4b2                      0                           1 
   243 b3b4b3                      1                           1 
   244 b3b4b4                      0                           1 
   245 b3b4b5                      0                           1 
   246 b3b4b6                      0                           1 
   247 b3b4b7                      0                           1 
   248 b3b4b8                      0                           1 
   249 b3b4b9                      0                           1 
   250 b3b4b10                     0                           1 
   251 b3b4b11                     0                           1 
   252 b3b4b12                     0                           1 
   253 b3b4b13                     0                           1 
   254 b3b4b14                   0.5                           1 
   255 b3b4b15                   0.5                           1 
   256 b3b4b16                     0                           1 
   257 b3b12b1                     0                           1 
   258 b3b12b2                     0                           1 
   259 b3b12b3                     1                           1 
   260 b3b12b4                     0                           1 
   261 b3b12b5                     0                           1 
   262 b3b12b6                     0                           1 
   263 b3b12b7                     0                           1 
   264 b3b12b8                     0                           1 
   265 b3b12b9                     0                           1 
   266 b3b12b10                    0                           1 
   267 b3b12b11                    0                           1 
   268 b3b12b12                    0                           1 
   269 b3b12b13                    0                           1 
   270 b3b12b14                  0.5                           1 
   271 b3b12b15                  0.5                           1 
   272 b3b12b16                    0                           1 
   273 b4b2b1                      0                           1 
   274 b4b2b2                      0                           1 
   275 b4b2b3                      1                           1 
   276 b4b2b4                      0                           1 
   277 b4b2b5                      0                           1 
   278 b4b2b6                      0                           1 
   279 b4b2b7                      0                           1 
   280 b4b2b8                      0                           1 
   281 b4b2b9                      0                           1 
   282 b4b2b10                     0                           1 
   283 b4b2b11                     0                           1 
   284 b4b2b12                     0                           1 
   285 b4b2b13                     0                           1 
   286 b4b2b14                   0.5                           1 
   287 b4b2b15                   0.5                           1 
   288 b4b2b16                     0                           1 
   289 b4b3b1                      0                           1 
   290 b4b3b2                      0                           1 
   291 b4b3b3                      1                           1 
   292 b4b3b4                      0                           1 
   293 b4b3b5                      0                           1 
   294 b4b3b6                      0                           1 
   295 b4b3b7                      0                           1 
   296 b4b3b8                      0                           1 
   297 b4b3b9                      0                           1 
   298 b4b3b10                     0                           1 
   299 b4b3b11                     0                           1 
   300 b4b3b12                     0                           1 
   301 b4b3b13                     0                           1 
   302 b4b3b14                   0.5                           1 
   303 b4b3b15                   0.5                           1 
   304 b4b3b16                     0                           1 
   305 b4b8b1                      0                           1 
   306 b4b8b2                      0                           1 
   307 b4b8b3                      0                           1 
   308 b4b8b4                      0                           1 
   309 b4b8b5                      0                           1 
   310 b4b8b6                      0                           1 
   311 b4b8b7                      0                           1 
   312 b4b8b8                      0                           1 
   313 b4b8b9                      0                           1 
   314 b4b8b10                     0                           1 
   315 b4b8b11                     0                           1 
   316 b4b8b12                     0                           1 
   317 b4b8b13                     0                           1 
   318 b4b8b14                     1                           1 
   319 b4b8b15                     1                           1 
   320 b4b8b16                     0                           1 
   321 b4b9b1                      0                           1 
   322 b4b9b2                      0                           1 
   323 b4b9b3                      0                           1 
   324 b4b9b4                      0                           1 
   325 b4b9b5                      0                           1 
   326 b4b9b6                      0                           1 
   327 b4b9b7                      0                           1 
   328 b4b9b8                      0                           1 
   329 b4b9b9                      0                           1 
   330 b4b9b10                     0                           1 
   331 b4b9b11                     0                           1 
   332 b4b9b12                     0                           1 
   333 b4b9b13                     0                           1 
   334 b4b9b14                     1                           1 
   335 b4b9b15                     1                           1 
   336 b4b9b16                     0                           1 
   337 b4b10b1                     0                           1 
   338 b4b10b2                     0                           1 
   339 b4b10b3                     1                           1 
   340 b4b10b4                     0                           1 
   341 b4b10b5                     0                           1 
   342 b4b10b6                     0                           1 
   343 b4b10b7                     0                           1 
   344 b4b10b8                     0                           1 
   345 b4b10b9                     0                           1 
   346 b4b10b10                    0                           1 
   347 b4b10b11                    0                           1 
   348 b4b10b12                    0                           1 
   349 b4b10b13                    0                           1 
   350 b4b10b14                  0.5                           1 
   351 b4b10b15                  0.5                           1 
   352 b4b10b16                    0                           1 
   353 b4b11b1                     0                           1 
   354 b4b11b2                     0                           1 
   355 b4b11b3                     0                           1 
   356 b4b11b4                     0                           1 
   357 b4b11b5                     0                           1 
   358 b4b11b6                     0                           1 
   359 b4b11b7                     0                           1 
   360 b4b11b8                     0                           1 
   361 b4b11b9                     0                           1 
   362 b4b11b10                    0                           1 
   363 b4b11b11                    0                           1 
   364 b4b11b12                    0                           1 
   365 b4b11b13                    0                           1 
   366 b4b11b14                    1                           1 
   367 b4b11b15                    1                           1 
   368 b4b11b16                    0                           1 
   369 b5b9b1                      0                           1 
   370 b5b9b2                      0                           1 
   371 b5b9b3                      1                           1 
   372 b5b9b4                      0                           1 
   373 b5b9b5                      0                           1 
   374 b5b9b6                      0                           1 
   375 b5b9b7                      0                           1 
   376 b5b9b8                      0                           1 
   377 b5b9b9                      0                           1 
   378 b5b9b10                     0                           1 
   379 b5b9b11                     0                           1 
   380 b5b9b12                     0                           1 
   381 b5b9b13                     0                           1 
   382 b5b9b14                   0.5                           1 
   383 b5b9b15                   0.5                           1 
   384 b5b9b16                     0                           1 
   385 b6b1b1                      0                           1 
   386 b6b1b2                      0                           1 
   387 b6b1b3                      1                           1 
   388 b6b1b4                      0                           1 
   389 b6b1b5                      0                           1 
   390 b6b1b6                      0                           1 
   391 b6b1b7                      0                           1 
   392 b6b1b8                      0                           1 
   393 b6b1b9                      0                           1 
   394 b6b1b10                     0                           1 
   395 b6b1b11                     0                           1 
   396 b6b1b12                     0                           1 
   397 b6b1b13                     0                           1 
   398 b6b1b14                     0                           1 
   399 b6b1b15                     1                           1 
   400 b6b1b16                     0                           1 
   401 b7b8b1                      0                           1 
   402 b7b8b2                      0                           1 
   403 b7b8b3                      0                           1 
   404 b7b8b4                      0                           1 
   405 b7b8b5                      0                           1 
   406 b7b8b6                      0                           1 
   407 b7b8b7                      0                           1 
   408 b7b8b8                      0                           1 
   409 b7b8b9                      0                           1 
   410 b7b8b10                     0                           1 
   411 b7b8b11                     0                           1 
   412 b7b8b12                     0                           1 
   413 b7b8b13                     0                           1 
   414 b7b8b14                     1                           1 
   415 b7b8b15                     1                           1 
   416 b7b8b16                     0                           1 
   417 b7b10b1                     0                           1 
   418 b7b10b2                     0                           1 
   419 b7b10b3                     1                           1 
   420 b7b10b4                     0                           1 
   421 b7b10b5                     0                           1 
   422 b7b10b6                     0                           1 
   423 b7b10b7                     0                           1 
   424 b7b10b8                     0                           1 
   425 b7b10b9                     0                           1 
   426 b7b10b10                    0                           1 
   427 b7b10b11                    0                           1 
   428 b7b10b12                    0                           1 
   429 b7b10b13                    0                           1 
   430 b7b10b14                  0.5                           1 
   431 b7b10b15                  0.5                           1 
   432 b7b10b16                    0                           1 
   433 b7b11b1                     0                           1 
   434 b7b11b2                     0                           1 
   435 b7b11b3                     0                           1 
   436 b7b11b4                     0                           1 
   437 b7b11b5                     0                           1 
   438 b7b11b6                     0                           1 
   439 b7b11b7                     0                           1 
   440 b7b11b8                     0                           1 
   441 b7b11b9                     0                           1 
   442 b7b11b10                    0                           1 
   443 b7b11b11                    0                           1 
   444 b7b11b12                    0                           1 
   445 b7b11b13                    0                           1 
   446 b7b11b14                    1                           1 
   447 b7b11b15                    1                           1 
   448 b7b11b16                    0                           1 
   449 b7b12b1                     0                           1 
   450 b7b12b2                     0                           1 
   451 b7b12b3                     0                           1 
   452 b7b12b4                     0                           1 
   453 b7b12b5                     0                           1 
   454 b7b12b6                     0                           1 
   455 b7b12b7                     0                           1 
   456 b7b12b8                     0                           1 
   457 b7b12b9                     0                           1 
   458 b7b12b10                    0                           1 
   459 b7b12b11                    0                           1 
   460 b7b12b12                    0                           1 
   461 b7b12b13                    0                           1 
   462 b7b12b14                    1                           1 
   463 b7b12b15                    1                           1 
   464 b7b12b16                    0                           1 
   465 b8b4b1                      0                           1 
   466 b8b4b2                      0                           1 
   467 b8b4b3                      0                           1 
   468 b8b4b4                      0                           1 
   469 b8b4b5                      0                           1 
   470 b8b4b6                      0                           1 
   471 b8b4b7                      0                           1 
   472 b8b4b8                      0                           1 
   473 b8b4b9                      0                           1 
   474 b8b4b10                     0                           1 
   475 b8b4b11                     0                           1 
   476 b8b4b12                     0                           1 
   477 b8b4b13                     0                           1 
   478 b8b4b14                     1                           1 
   479 b8b4b15                     1                           1 
   480 b8b4b16                     0                           1 
   481 b8b7b1                      0                           1 
   482 b8b7b2                      0                           1 
   483 b8b7b3                      0                           1 
   484 b8b7b4                      0                           1 
   485 b8b7b5                      0                           1 
   486 b8b7b6                      0                           1 
   487 b8b7b7                      0                           1 
   488 b8b7b8                      0                           1 
   489 b8b7b9                      0                           1 
   490 b8b7b10                     0                           1 
   491 b8b7b11                     0                           1 
   492 b8b7b12                     0                           1 
   493 b8b7b13                     0                           1 
   494 b8b7b14                     1                           1 
   495 b8b7b15                     1                           1 
   496 b8b7b16                     0                           1 
   497 b8b9b1                      0                           1 
   498 b8b9b2                      0                           1 
   499 b8b9b3                      0                           1 
   500 b8b9b4                      0                           1 
   501 b8b9b5                      0                           1 
   502 b8b9b6                      0                           1 
   503 b8b9b7                      0                           1 
   504 b8b9b8                      0                           1 
   505 b8b9b9                      0                           1 
   506 b8b9b10                     0                           1 
   507 b8b9b11                     0                           1 
   508 b8b9b12                     0                           1 
   509 b8b9b13                     0                           1 
   510 b8b9b14                     1                           1 
   511 b8b9b15                     1                           1 
   512 b8b9b16                     0                           1 
   513 b8b10b1                     0                           1 
   514 b8b10b2                     0                           1 
   515 b8b10b3                     1                           1 
   516 b8b10b4                     0                           1 
   517 b8b10b5                     0                           1 
   518 b8b10b6                     0                           1 
   519 b8b10b7                     0                           1 
   520 b8b10b8                     0                           1 
   521 b8b10b9                     0                           1 
   522 b8b10b10                    0                           1 
   523 b8b10b11                    0                           1 
   524 b8b10b12                    0                           1 
   525 b8b10b13                    0                           1 
   526 b8b10b14                  0.5                           1 
   527 b8b10b15                  0.5                           1 
   528 b8b10b16                    0                           1 
   529 b8b11b1                     0                           1 
   530 b8b11b2                     0                           1 
   531 b8b11b3                     0                           1 
   532 b8b11b4                     0                           1 
   533 b8b11b5                     0                           1 
   534 b8b11b6                     0                           1 
   535 b8b11b7                     0                           1 
   536 b8b11b8                     0                           1 
   537 b8b11b9                     0                           1 
   538 b8b11b10                    0                           1 
   539 b8b11b11                    0                           1 
   540 b8b11b12                    0                           1 
   541 b8b11b13                    0                           1 
   542 b8b11b14                    1                           1 
   543 b8b11b15                    1                           1 
   544 b8b11b16                    0                           1 
   545 b8b12b1                     0                           1 
   546 b8b12b2                     0                           1 
   547 b8b12b3                     0                           1 
   548 b8b12b4                     0                           1 
   549 b8b12b5                     0                           1 
   550 b8b12b6                     0                           1 
   551 b8b12b7                     0                           1 
   552 b8b12b8                     0                           1 
   553 b8b12b9                     0                           1 
   554 b8b12b10                    0                           1 
   555 b8b12b11                    0                           1 
   556 b8b12b12                    0                           1 
   557 b8b12b13                    0                           1 
   558 b8b12b14                    1                           1 
   559 b8b12b15                    1                           1 
   560 b8b12b16                    0                           1 
   561 b9b4b1                      0                           1 
   562 b9b4b2                      0                           1 
   563 b9b4b3                      0                           1 
   564 b9b4b4                      0                           1 
   565 b9b4b5                      0                           1 
   566 b9b4b6                      0                           1 
   567 b9b4b7                      0                           1 
   568 b9b4b8                      0                           1 
   569 b9b4b9                      0                           1 
   570 b9b4b10                     0                           1 
   571 b9b4b11                     0                           1 
   572 b9b4b12                     0                           1 
   573 b9b4b13                     0                           1 
   574 b9b4b14                     1                           1 
   575 b9b4b15                     1                           1 
   576 b9b4b16                     0                           1 
   577 b9b5b1                      0                           1 
   578 b9b5b2                      0                           1 
   579 b9b5b3                      1                           1 
   580 b9b5b4                      0                           1 
   581 b9b5b5                      0                           1 
   582 b9b5b6                      0                           1 
   583 b9b5b7                      0                           1 
   584 b9b5b8                      0                           1 
   585 b9b5b9                      0                           1 
   586 b9b5b10                     0                           1 
   587 b9b5b11                     0                           1 
   588 b9b5b12                     0                           1 
   589 b9b5b13                     0                           1 
   590 b9b5b14                   0.5                           1 
   591 b9b5b15                   0.5                           1 
   592 b9b5b16                     0                           1 
   593 b9b8b1                      0                           1 
   594 b9b8b2                      0                           1 
   595 b9b8b3                      0                           1 
   596 b9b8b4                      0                           1 
   597 b9b8b5                      0                           1 
   598 b9b8b6                      0                           1 
   599 b9b8b7                      0                           1 
   600 b9b8b8                      0                           1 
   601 b9b8b9                      0                           1 
   602 b9b8b10                     0                           1 
   603 b9b8b11                     0                           1 
   604 b9b8b12                     0                           1 
   605 b9b8b13                     0                           1 
   606 b9b8b14                     1                           1 
   607 b9b8b15                     1                           1 
   608 b9b8b16                     0                           1 
   609 b10b4b1                     0                           1 
   610 b10b4b2                     0                           1 
   611 b10b4b3                     1                           1 
   612 b10b4b4                     0                           1 
   613 b10b4b5                     0                           1 
   614 b10b4b6                     0                           1 
   615 b10b4b7                     0                           1 
   616 b10b4b8                     0                           1 
   617 b10b4b9                     0                           1 
   618 b10b4b10                    0                           1 
   619 b10b4b11                    0                           1 
   620 b10b4b12                    0                           1 
   621 b10b4b13                    0                           1 
   622 b10b4b14                  0.5                           1 
   623 b10b4b15                  0.5                           1 
   624 b10b4b16                    0                           1 
   625 b10b7b1                     0                           1 
   626 b10b7b2                     0                           1 
   627 b10b7b3                     1                           1 
   628 b10b7b4                     0                           1 
   629 b10b7b5                     0                           1 
   630 b10b7b6                     0                           1 
   631 b10b7b7                     0                           1 
   632 b10b7b8                     0                           1 
   633 b10b7b9                     0                           1 
   634 b10b7b10                    0                           1 
   635 b10b7b11                    0                           1 
   636 b10b7b12                    0                           1 
   637 b10b7b13                    0                           1 
   638 b10b7b14                  0.5                           1 
   639 b10b7b15                  0.5                           1 
   640 b10b7b16                    0                           1 
   641 b10b8b1                     0                           1 
   642 b10b8b2                     0                           1 
   643 b10b8b3                     1                           1 
   644 b10b8b4                     0                           1 
   645 b10b8b5                     0                           1 
   646 b10b8b6                     0                           1 
   647 b10b8b7                     0                           1 
   648 b10b8b8                     0                           1 
   649 b10b8b9                     0                           1 
   650 b10b8b10                    0                           1 
   651 b10b8b11                    0                           1 
   652 b10b8b12                    0                           1 
   653 b10b8b13                    0                           1 
   654 b10b8b14                  0.5                           1 
   655 b10b8b15                  0.5                           1 
   656 b10b8b16                    0                           1 
   657 b10b11b1                    0                           1 
   658 b10b11b2                    0                           1 
   659 b10b11b3                    1                           1 
   660 b10b11b4                    0                           1 
   661 b10b11b5                    0                           1 
   662 b10b11b6                    0                           1 
   663 b10b11b7                    0                           1 
   664 b10b11b8                    0                           1 
   665 b10b11b9                    0                           1 
   666 b10b11b10                   0                           1 
   667 b10b11b11                   0                           1 
   668 b10b11b12                   0                           1 
   669 b10b11b13                   0                           1 
   670 b10b11b14                 0.5                           1 
   671 b10b11b15                 0.5                           1 
   672 b10b11b16                   0                           1 
   673 b11b4b1                     0                           1 
   674 b11b4b2                     0                           1 
   675 b11b4b3                     0                           1 
   676 b11b4b4                     0                           1 
   677 b11b4b5                     0                           1 
   678 b11b4b6                     0                           1 
   679 b11b4b7                     0                           1 
   680 b11b4b8                     0                           1 
   681 b11b4b9                     0                           1 
   682 b11b4b10                    0                           1 
   683 b11b4b11                    0                           1 
   684 b11b4b12                    0                           1 
   685 b11b4b13                    0                           1 
   686 b11b4b14                    1                           1 
   687 b11b4b15                    1                           1 
   688 b11b4b16                    0                           1 
   689 b11b7b1                     0                           1 
   690 b11b7b2                     0                           1 
   691 b11b7b3                     0                           1 
   692 b11b7b4                     0                           1 
   693 b11b7b5                     0                           1 
   694 b11b7b6                     0                           1 
   695 b11b7b7                     0                           1 
   696 b11b7b8                     0                           1 
   697 b11b7b9                     0                           1 
   698 b11b7b10                    0                           1 
   699 b11b7b11                    0                           1 
   700 b11b7b12                    0                           1 
   701 b11b7b13                    0                           1 
   702 b11b7b14                    1                           1 
   703 b11b7b15                    1                           1 
   704 b11b7b16                    0                           1 
   705 b11b8b1                     0                           1 
   706 b11b8b2                     0                           1 
   707 b11b8b3                     0                           1 
   708 b11b8b4                     0                           1 
   709 b11b8b5                     0                           1 
   710 b11b8b6                     0                           1 
   711 b11b8b7                     0                           1 
   712 b11b8b8                     0                           1 
   713 b11b8b9                     0                           1 
   714 b11b8b10                    0                           1 
   715 b11b8b11                    0                           1 
   716 b11b8b12                    0                           1 
   717 b11b8b13                    0                           1 
   718 b11b8b14                    1                           1 
   719 b11b8b15                    1                           1 
   720 b11b8b16                    0                           1 
   721 b11b10b1                    0                           1 
   722 b11b10b2                    0                           1 
   723 b11b10b3                    1                           1 
   724 b11b10b4                    0                           1 
   725 b11b10b5                    0                           1 
   726 b11b10b6                    0                           1 
   727 b11b10b7                    0                           1 
   728 b11b10b8                    0                           1 
   729 b11b10b9                    0                           1 
   730 b11b10b10                   0                           1 
   731 b11b10b11                   0                           1 
   732 b11b10b12                   0                           1 
   733 b11b10b13                   0                           1 
   734 b11b10b14                 0.5                           1 
   735 b11b10b15                 0.5                           1 
   736 b11b10b16                   0                           1 
   737 b11b12b1                    0                           1 
   738 b11b12b2                    0                           1 
   739 b11b12b3                    0                           1 
   740 b11b12b4                    0                           1 
   741 b11b12b5                    0                           1 
   742 b11b12b6                    0                           1 
   743 b11b12b7                    0                           1 
   744 b11b12b8                    0                           1 
   745 b11b12b9                    0                           1 
   746 b11b12b10                   0                           1 
   747 b11b12b11                   0                           1 
   748 b11b12b12                   0                           1 
   749 b11b12b13                   0                           1 
   750 b11b12b14                   1                           1 
   751 b11b12b15                   1                           1 
   752 b11b12b16                   0                           1 
   753 b12b2b1                     0                           1 
   754 b12b2b2                     0                           1 
   755 b12b2b3                     1                           1 
   756 b12b2b4                     0                           1 
   757 b12b2b5                     0                           1 
   758 b12b2b6                     0                           1 
   759 b12b2b7                     0                           1 
   760 b12b2b8                     0                           1 
   761 b12b2b9                     0                           1 
   762 b12b2b10                    0                           1 
   763 b12b2b11                    0                           1 
   764 b12b2b12                    0                           1 
   765 b12b2b13                    0                           1 
   766 b12b2b14                  0.5                           1 
   767 b12b2b15                  0.5                           1 
   768 b12b2b16                    0                           1 
   769 b12b3b1                     0                           1 
   770 b12b3b2                     0                           1 
   771 b12b3b3                     1                           1 
   772 b12b3b4                     0                           1 
   773 b12b3b5                     0                           1 
   774 b12b3b6                     0                           1 
   775 b12b3b7                     0                           1 
   776 b12b3b8                     0                           1 
   777 b12b3b9                     0                           1 
   778 b12b3b10                    0                           1 
   779 b12b3b11                    0                           1 
   780 b12b3b12                    0                           1 
   781 b12b3b13                    0                           1 
   782 b12b3b14                  0.5                           1 
   783 b12b3b15                  0.5                           1 
   784 b12b3b16                    0                           1 
   785 b12b7b1                     0                           1 
   786 b12b7b2                     0                           1 
   787 b12b7b3                     0                           1 
   788 b12b7b4                     0                           1 
   789 b12b7b5                     0                           1 
   790 b12b7b6                     0                           1 
   791 b12b7b7                     0                           1 
   792 b12b7b8                     0                           1 
   793 b12b7b9                     0                           1 
   794 b12b7b10                    0                           1 
   795 b12b7b11                    0                           1 
   796 b12b7b12                    0                           1 
   797 b12b7b13                    0                           1 
   798 b12b7b14                    1                           1 
   799 b12b7b15                    1                           1 
   800 b12b7b16                    0                           1 
   801 b12b8b1                     0                           1 
   802 b12b8b2                     0                           1 
   803 b12b8b3                     0                           1 
   804 b12b8b4                     0                           1 
   805 b12b8b5                     0                           1 
   806 b12b8b6                     0                           1 
   807 b12b8b7                     0                           1 
   808 b12b8b8                     0                           1 
   809 b12b8b9                     0                           1 
   810 b12b8b10                    0                           1 
   811 b12b8b11                    0                           1 
   812 b12b8b12                    0                           1 
   813 b12b8b13                    0                           1 
   814 b12b8b14                    1                           1 
   815 b12b8b15                    1                           1 
   816 b12b8b16                    0                           1 
   817 b12b11b1                    0                           1 
   818 b12b11b2                    0                           1 
   819 b12b11b3                    0                           1 
   820 b12b11b4                    0                           1 
   821 b12b11b5                    0                           1 
   822 b12b11b6                    0                           1 
   823 b12b11b7                    0                           1 
   824 b12b11b8                    0                           1 
   825 b12b11b9                    0                           1 
   826 b12b11b10                   0                           1 
   827 b12b11b11                   0                           1 
   828 b12b11b12                   0                           1 
   829 b12b11b13                   0                           1 
   830 b12b11b14                   1                           1 
   831 b12b11b15                   1                           1 
   832 b12b11b16                   0                           1 
   833 c1                          1             1             = 
   834 c2                          1             1             = 
   835 c3                          1             1             = 
   836 c4                          1             1             = 
   837 c5                          1             1             = 
   838 c6                          1             1             = 
   839 c7                          1             1             = 
   840 c8                          1             1             = 
   841 c9                          1             1             = 
   842 c10                         1             1             = 
   843 c11                         1             1             = 
   844 c12                         1             1             = 
   845 d1                          0                           8 
   846 d2                          0                          10 
   847 d3                          5                           5 
   848 d4                          0                           6 
   849 d5                          0                           5 
   850 d6                          0                           8 
   851 d7                          0                           9 
   852 d8                          0                           3 
   853 d9                          0                           9 
   854 d10                         0                           6 
   855 d11                         0                           4 
   856 d12                         0                           5 
   857 d13                         0                           3 
   858 d14                         3                           3 
   859 d15                         4                           4 
   860 d16                         0                           9 

   No. Column name       Activity     Lower bound   Upper bound
------ ------------    ------------- ------------- -------------
     1 x1           *              0             0             1 
     2 x2           *              0             0             1 
     3 x3           *              1             0             1 
     4 x4           *              0             0             1 
     5 x5           *              0             0             1 
     6 x6           *              0             0             1 
     7 x7           *              0             0             1 
     8 x8           *              0             0             1 
     9 x9           *              0             0             1 
    10 x10          *              0             0             1 
    11 x11          *              0             0             1 
    12 x12          *              0             0             1 
    13 x13          *              0             0             1 
    14 x14          *              1             0             1 
    15 x15          *              1             0             1 
    16 x16          *              0             0             1 
    17 y1,1         *              0             0             1 
    18 y1,2         *              0             0             1 
    19 y1,3         *              1             0             1 
    20 y1,4         *              0             0             1 
    21 y1,5         *              0             0             1 
    22 y1,6         *              0             0             1 
    23 y1,7         *              0             0             1 
    24 y1,8         *              0             0             1 
    25 y1,9         *              0             0             1 
    26 y1,10        *              0             0             1 
    27 y1,11        *              0             0             1 
    28 y1,12        *              0             0             1 
    29 y1,13                       0             0               
    30 y1,14                       0             0               
    31 y1,15                       0             0               
    32 y1,16                       0             0               
    33 y2,1         *              0             0             1 
    34 y2,2         *              0             0             1 
    35 y2,3         *              1             0             1 
    36 y2,4         *              0             0             1 
    37 y2,5         *              0             0             1 
    38 y2,6         *              0             0             1 
    39 y2,7         *              0             0             1 
    40 y2,8         *              0             0             1 
    41 y2,9         *              0             0             1 
    42 y2,10        *              0             0             1 
    43 y2,11        *              0             0             1 
    44 y2,12        *              0             0             1 
    45 y2,13                       0             0               
    46 y2,14                       0             0               
    47 y2,15                       0             0               
    48 y2,16                       0             0               
    49 y3,1         *              0             0             1 
    50 y3,2         *              0             0             1 
    51 y3,3         *              1             0             1 
    52 y3,4         *              0             0             1 
    53 y3,5         *              0             0             1 
    54 y3,6         *              0             0             1 
    55 y3,7         *              0             0             1 
    56 y3,8         *              0             0             1 
    57 y3,9         *              0             0             1 
    58 y3,10        *              0             0             1 
    59 y3,11        *              0             0             1 
    60 y3,12        *              0             0             1 
    61 y3,13                       0             0               
    62 y3,14                       0             0               
    63 y3,15                       0             0               
    64 y3,16                       0             0               
    65 y4,1         *              0             0             1 
    66 y4,2         *              0             0             1 
    67 y4,3         *              0             0             1 
    68 y4,4         *              0             0             1 
    69 y4,5         *              0             0             1 
    70 y4,6         *              0             0             1 
    71 y4,7         *              0             0             1 
    72 y4,8         *              0             0             1 
    73 y4,9         *              0             0             1 
    74 y4,10        *              0             0             1 
    75 y4,11        *              0             0             1 
    76 y4,12        *              0             0             1 
    77 y4,13                       0             0               
    78 y4,14                     0.5             0               
    79 y4,15                     0.5             0               
    80 y4,16                       0             0               
    81 y5,1         *              0             0             1 
    82 y5,2         *              0             0             1 
    83 y5,3         *              1             0             1 
    84 y5,4         *              0             0             1 
    85 y5,5         *              0             0             1 
    86 y5,6         *              0             0             1 
    87 y5,7         *              0             0             1 
    88 y5,8         *              0             0             1 
    89 y5,9         *              0             0             1 
    90 y5,10        *              0             0             1 
    91 y5,11        *              0             0             1 
    92 y5,12        *              0             0             1 
    93 y5,13                       0             0               
    94 y5,14                       0             0               
    95 y5,15                       0             0               
    96 y5,16                       0             0               
    97 y6,1         *              0             0             1 
    98 y6,2         *              0             0             1 
    99 y6,3         *              0             0             1 
   100 y6,4         *              0             0             1 
   101 y6,5         *              0             0             1 
   102 y6,6         *              0             0             1 
   103 y6,7         *              0             0             1 
   104 y6,8         *              0             0             1 
   105 y6,9         *              0             0             1 
   106 y6,10        *              0             0             1 
   107 y6,11        *              0             0             1 
   108 y6,12        *              0             0             1 
   109 y6,13                       0             0               
   110 y6,14                       0             0               
   111 y6,15                       1             0               
   112 y6,16                       0             0               
   113 y7,1         *              0             0             1 
   114 y7,2         *              0             0             1 
   115 y7,3         *              0             0             1 
   116 y7,4         *              0             0             1 
   117 y7,5         *              0             0             1 
   118 y7,6         *              0             0             1 
   119 y7,7         *              0             0             1 
   120 y7,8         *              0             0             1 
   121 y7,9         *              0             0             1 
   122 y7,10        *              0             0             1 
   123 y7,11        *              0             0             1 
   124 y7,12        *              0             0             1 
   125 y7,13                       0             0               
   126 y7,14                     0.5             0               
   127 y7,15                     0.5             0               
   128 y7,16                       0             0               
   129 y8,1         *              0             0             1 
   130 y8,2         *              0             0             1 
   131 y8,3         *              0             0             1 
   132 y8,4         *              0             0             1 
   133 y8,5         *              0             0             1 
   134 y8,6         *              0             0             1 
   135 y8,7         *              0             0             1 
   136 y8,8         *              0             0             1 
   137 y8,9         *              0             0             1 
   138 y8,10        *              0             0             1 
   139 y8,11        *              0             0             1 
   140 y8,12        *              0             0             1 
   141 y8,13                       0             0               
   142 y8,14                     0.5             0               
   143 y8,15                     0.5             0               
   144 y8,16                       0             0               
   145 y9,1         *              0             0             1 
   146 y9,2         *              0             0             1 
   147 y9,3         *              0             0             1 
   148 y9,4         *              0             0             1 
   149 y9,5         *              0             0             1 
   150 y9,6         *              0             0             1 
   151 y9,7         *              0             0             1 
   152 y9,8         *              0             0             1 
   153 y9,9         *              0             0             1 
   154 y9,10        *              0             0             1 
   155 y9,11        *              0             0             1 
   156 y9,12        *              0             0             1 
   157 y9,13                       0             0               
   158 y9,14                     0.5             0               
   159 y9,15                     0.5             0               
   160 y9,16                       0             0               
   161 y10,1        *              0             0             1 
   162 y10,2        *              0             0             1 
   163 y10,3        *              1             0             1 
   164 y10,4        *              0             0             1 
   165 y10,5        *              0             0             1 
   166 y10,6        *              0             0             1 
   167 y10,7        *              0             0             1 
   168 y10,8        *              0             0             1 
   169 y10,9        *              0             0             1 
   170 y10,10       *              0             0             1 
   171 y10,11       *              0             0             1 
   172 y10,12       *              0             0             1 
   173 y10,13                      0             0               
   174 y10,14                      0             0               
   175 y10,15                      0             0               
   176 y10,16                      0             0               
   177 y11,1        *              0             0             1 
   178 y11,2        *              0             0             1 
   179 y11,3        *              0             0             1 
   180 y11,4        *              0             0             1 
   181 y11,5        *              0             0             1 
   182 y11,6        *              0             0             1 
   183 y11,7        *              0             0             1 
   184 y11,8        *              0             0             1 
   185 y11,9        *              0             0             1 
   186 y11,10       *              0             0             1 
   187 y11,11       *              0             0             1 
   188 y11,12       *              0             0             1 
   189 y11,13                      0             0               
   190 y11,14                    0.5             0               
   191 y11,15                    0.5             0               
   192 y11,16                      0             0               
   193 y12,1        *              0             0             1 
   194 y12,2        *              0             0             1 
   195 y12,3        *              0             0             1 
   196 y12,4        *              0             0             1 
   197 y12,5        *              0             0             1 
   198 y12,6        *              0             0             1 
   199 y12,7        *              0             0             1 
   200 y12,8        *              0             0             1 
   201 y12,9        *              0             0             1 
   202 y12,10       *              0             0             1 
   203 y12,11       *              0             0             1 
   204 y12,12       *              0             0             1 
   205 y12,13                      0             0               
   206 y12,14                    0.5             0               
   207 y12,15                    0.5             0               
   208 y12,16                      0             0               
   209 y13,1        *              0             0             1 
   210 y13,2        *              0             0             1 
   211 y13,3        *              0             0             1 
   212 y13,4        *              0             0             1 
   213 y13,5        *              0             0             1 
   214 y13,6        *              0             0             1 
   215 y13,7        *              0             0             1 
   216 y13,8        *              0             0             1 
   217 y13,9        *              0             0             1 
   218 y13,10       *              0             0             1 
   219 y13,11       *              0             0             1 
   220 y13,12       *              0             0             1 
   221 y14,1        *              0             0             1 
   222 y14,2        *              0             0             1 
   223 y14,3        *              0             0             1 
   224 y14,4        *              0             0             1 
   225 y14,5        *              0             0             1 
   226 y14,6        *              0             0             1 
   227 y14,7        *              0             0             1 
   228 y14,8        *              0             0             1 
   229 y14,9        *              0             0             1 
   230 y14,10       *              0             0             1 
   231 y14,11       *              0             0             1 
   232 y14,12       *              0             0             1 
   233 y15,1        *              0             0             1 
   234 y15,2        *              0             0             1 
   235 y15,3        *              0             0             1 
   236 y15,4        *              0             0             1 
   237 y15,5        *              0             0             1 
   238 y15,6        *              0             0             1 
   239 y15,7        *              0             0             1 
   240 y15,8        *              0             0             1 
   241 y15,9        *              0             0             1 
   242 y15,10       *              0             0             1 
   243 y15,11       *              0             0             1 
   244 y15,12       *              0             0             1 
   245 y16,1        *              0             0             1 
   246 y16,2        *              0             0             1 
   247 y16,3        *              0             0             1 
   248 y16,4        *              0             0             1 
   249 y16,5        *              0             0             1 
   250 y16,6        *              0             0             1 
   251 y16,7        *              0             0             1 
   252 y16,8        *              0             0             1 
   253 y16,9        *              0             0             1 
   254 y16,10       *              0             0             1 
   255 y16,11       *              0             0             1 
   256 y16,12       *              0             0             1 

Integer feasibility conditions:

KKT.PE: max.abs.err = 0.00e+00 on row 0
        max.rel.err = 0.00e+00 on row 0
        High quality

KKT.PB: max.abs.err = 0.00e+00 on row 0
        max.rel.err = 0.00e+00 on row 0
        High quality

End of output
