Problem:    
Rows:       924
Columns:    210 (210 integer, 210 binary)
Non-zeros:  2184
Status:     INTEGER OPTIMAL
Objective:  z = 75 (MINimum)

   No.   Row name        Activity     Lower bound   Upper bound
------ ------------    ------------- ------------- -------------
     1 a1a1                        0                           0 
     2 a1a2                        0                           0 
     3 a1a3                       -1                           0 
     4 a1a4                        0                           0 
     5 a1a5                        0                           0 
     6 a1a6                        0                           0 
     7 a1a7                        0                           0 
     8 a1a8                        0                           0 
     9 a1a9                        0                           0 
    10 a1a10                       0                           0 
    11 a1a11                      -1                           0 
    12 a1a12                       0                           0 
    13 a1a13                       0                           0 
    14 a1a14                       0                           0 
    15 a2a1                        0                           0 
    16 a2a2                        0                           0 
    17 a2a3                       -1                           0 
    18 a2a4                        0                           0 
    19 a2a5                        0                           0 
    20 a2a6                        0                           0 
    21 a2a7                        0                           0 
    22 a2a8                        0                           0 
    23 a2a9                        0                           0 
    24 a2a10                       0                           0 
    25 a2a11                      -1                           0 
    26 a2a12                       0                           0 
    27 a2a13                       0                           0 
    28 a2a14                       0                           0 
    29 a3a1                        0                           0 
    30 a3a2                        0                           0 
    31 a3a3                       -1                           0 
    32 a3a4                        0                           0 
    33 a3a5                        0                           0 
    34 a3a6                        0                           0 
    35 a3a7                        0                           0 
    36 a3a8                        0                           0 
    37 a3a9                        0                           0 
    38 a3a10                      -1                           0 
    39 a3a11                       0                           0 
    40 a3a12                       0                           0 
    41 a3a13                       0                           0 
    42 a3a14                       0                           0 
    43 a4a1                        0                           0 
    44 a4a2                        0                           0 
    45 a4a3                        0                           0 
    46 a4a4                        0                           0 
    47 a4a5                        0                           0 
    48 a4a6                        0                           0 
    49 a4a7                        0                           0 
    50 a4a8                        0                           0 
    51 a4a9                        0                           0 
    52 a4a10                      -1                           0 
    53 a4a11                      -1                           0 
    54 a4a12                       0                           0 
    55 a4a13                       0                           0 
    56 a4a14                       0                           0 
    57 a5a1                        0                           0 
    58 a5a2                        0                           0 
    59 a5a3                       -1                           0 
    60 a5a4                        0                           0 
    61 a5a5                        0                           0 
    62 a5a6                        0                           0 
    63 a5a7                        0                           0 
    64 a5a8                        0                           0 
    65 a5a9                        0                           0 
    66 a5a10                       0                           0 
    67 a5a11                      -1                           0 
    68 a5a12                       0                           0 
    69 a5a13                       0                           0 
    70 a5a14                       0                           0 
    71 a6a1                        0                           0 
    72 a6a2                        0                           0 
    73 a6a3                       -1                           0 
    74 a6a4                        0                           0 
    75 a6a5                        0                           0 
    76 a6a6                        0                           0 
    77 a6a7                        0                           0 
    78 a6a8                        0                           0 
    79 a6a9                        0                           0 
    80 a6a10                       0                           0 
    81 a6a11                      -1                           0 
    82 a6a12                       0                           0 
    83 a6a13                       0                           0 
    84 a6a14                       0                           0 
    85 a7a1                        0                           0 
    86 a7a2                        0                           0 
    87 a7a3                        0                           0 
    88 a7a4                        0                           0 
    89 a7a5                        0                           0 
    90 a7a6                        0                           0 
    91 a7a7                        0                           0 
    92 a7a8                        0                           0 
    93 a7a9                        0                           0 
    94 a7a10                      -1                           0 
    95 a7a11                      -1                           0 
    96 a7a12                       0                           0 
    97 a7a13                       0                           0 
    98 a7a14                       0                           0 
    99 a8a1                        0                           0 
   100 a8a2                        0                           0 
   101 a8a3                       -1                           0 
   102 a8a4                        0                           0 
   103 a8a5                        0                           0 
   104 a8a6                        0                           0 
   105 a8a7                        0                           0 
   106 a8a8                        0                           0 
   107 a8a9                        0                           0 
   108 a8a10                      -1                           0 
   109 a8a11                       0                           0 
   110 a8a12                       0                           0 
   111 a8a13                       0                           0 
   112 a8a14                       0                           0 
   113 a9a1                        0                           0 
   114 a9a2                        0                           0 
   115 a9a3                       -1                           0 
   116 a9a4                        0                           0 
   117 a9a5                        0                           0 
   118 a9a6                        0                           0 
   119 a9a7                        0                           0 
   120 a9a8                        0                           0 
   121 a9a9                        0                           0 
   122 a9a10                      -1                           0 
   123 a9a11                       0                           0 
   124 a9a12                       0                           0 
   125 a9a13                       0                           0 
   126 a9a14                       0                           0 
   127 a10a1                       0                           0 
   128 a10a2                       0                           0 
   129 a10a3                      -1                           0 
   130 a10a4                       0                           0 
   131 a10a5                       0                           0 
   132 a10a6                       0                           0 
   133 a10a7                       0                           0 
   134 a10a8                       0                           0 
   135 a10a9                       0                           0 
   136 a10a10                      0                           0 
   137 a10a11                     -1                           0 
   138 a10a12                      0                           0 
   139 a10a13                      0                           0 
   140 a10a14                      0                           0 
   141 a11a1                       0                           0 
   142 a11a2                       0                           0 
   143 a11a3                      -1                           0 
   144 a11a4                       0                           0 
   145 a11a5                       0                           0 
   146 a11a6                       0                           0 
   147 a11a7                       0                           0 
   148 a11a8                       0                           0 
   149 a11a9                       0                           0 
   150 a11a10                     -1                           0 
   151 a11a11                      0                           0 
   152 a11a12                      0                           0 
   153 a11a13                      0                           0 
   154 a11a14                      0                           0 
   155 a12a1                       0                           0 
   156 a12a2                       0                           0 
   157 a12a3                       0                           0 
   158 a12a4                       0                           0 
   159 a12a5                       0                           0 
   160 a12a6                       0                           0 
   161 a12a7                       0                           0 
   162 a12a8                       0                           0 
   163 a12a9                       0                           0 
   164 a12a10                     -1                           0 
   165 a12a11                     -1                           0 
   166 a12a12                      0                           0 
   167 a12a13                      0                           0 
   168 a12a14                      0                           0 
   169 a13a1                       0                           0 
   170 a13a2                       0                           0 
   171 a13a3                       0                           0 
   172 a13a4                       0                           0 
   173 a13a5                       0                           0 
   174 a13a6                       0                           0 
   175 a13a7                       0                           0 
   176 a13a8                       0                           0 
   177 a13a9                       0                           0 
   178 a13a10                     -1                           0 
   179 a13a11                     -1                           0 
   180 a13a12                      0                           0 
   181 a13a13                      0                           0 
   182 a13a14                      0                           0 
   183 a14a1                       0                           0 
   184 a14a2                       0                           0 
   185 a14a3                       0                           0 
   186 a14a4                       0                           0 
   187 a14a5                       0                           0 
   188 a14a6                       0                           0 
   189 a14a7                       0                           0 
   190 a14a8                       0                           0 
   191 a14a9                       0                           0 
   192 a14a10                     -1                           0 
   193 a14a11                     -1                           0 
   194 a14a12                      0                           0 
   195 a14a13                      0                           0 
   196 a14a14                      0                           0 
   197 b1b4b1                      0                           1 
   198 b1b4b2                      0                           1 
   199 b1b4b3                      1                           1 
   200 b1b4b4                      0                           1 
   201 b1b4b5                      0                           1 
   202 b1b4b6                      0                           1 
   203 b1b4b7                      0                           1 
   204 b1b4b8                      0                           1 
   205 b1b4b9                      0                           1 
   206 b1b4b10                     1                           1 
   207 b1b4b11                     0                           1 
   208 b1b4b12                     0                           1 
   209 b1b4b13                     0                           1 
   210 b1b4b14                     0                           1 
   211 b1b11b1                     0                           1 
   212 b1b11b2                     0                           1 
   213 b1b11b3                     0                           1 
   214 b1b11b4                     0                           1 
   215 b1b11b5                     0                           1 
   216 b1b11b6                     0                           1 
   217 b1b11b7                     0                           1 
   218 b1b11b8                     0                           1 
   219 b1b11b9                     0                           1 
   220 b1b11b10                    1                           1 
   221 b1b11b11                    1                           1 
   222 b1b11b12                    0                           1 
   223 b1b11b13                    0                           1 
   224 b1b11b14                    0                           1 
   225 b1b12b1                     0                           1 
   226 b1b12b2                     0                           1 
   227 b1b12b3                     1                           1 
   228 b1b12b4                     0                           1 
   229 b1b12b5                     0                           1 
   230 b1b12b6                     0                           1 
   231 b1b12b7                     0                           1 
   232 b1b12b8                     0                           1 
   233 b1b12b9                     0                           1 
   234 b1b12b10                    1                           1 
   235 b1b12b11                    0                           1 
   236 b1b12b12                    0                           1 
   237 b1b12b13                    0                           1 
   238 b1b12b14                    0                           1 
   239 b2b9b1                      0                           1 
   240 b2b9b2                      0                           1 
   241 b2b9b3                      0                           1 
   242 b2b9b4                      0                           1 
   243 b2b9b5                      0                           1 
   244 b2b9b6                      0                           1 
   245 b2b9b7                      0                           1 
   246 b2b9b8                      0                           1 
   247 b2b9b9                      0                           1 
   248 b2b9b10                     1                           1 
   249 b2b9b11                     1                           1 
   250 b2b9b12                     0                           1 
   251 b2b9b13                     0                           1 
   252 b2b9b14                     0                           1 
   253 b2b13b1                     0                           1 
   254 b2b13b2                     0                           1 
   255 b2b13b3                     1                           1 
   256 b2b13b4                     0                           1 
   257 b2b13b5                     0                           1 
   258 b2b13b6                     0                           1 
   259 b2b13b7                     0                           1 
   260 b2b13b8                     0                           1 
   261 b2b13b9                     0                           1 
   262 b2b13b10                    1                           1 
   263 b2b13b11                    0                           1 
   264 b2b13b12                    0                           1 
   265 b2b13b13                    0                           1 
   266 b2b13b14                    0                           1 
   267 b2b14b1                     0                           1 
   268 b2b14b2                     0                           1 
   269 b2b14b3                     1                           1 
   270 b2b14b4                     0                           1 
   271 b2b14b5                     0                           1 
   272 b2b14b6                     0                           1 
   273 b2b14b7                     0                           1 
   274 b2b14b8                     0                           1 
   275 b2b14b9                     0                           1 
   276 b2b14b10                    1                           1 
   277 b2b14b11                    0                           1 
   278 b2b14b12                    0                           1 
   279 b2b14b13                    0                           1 
   280 b2b14b14                    0                           1 
   281 b3b5b1                      0                           1 
   282 b3b5b2                      0                           1 
   283 b3b5b3                      0                           1 
   284 b3b5b4                      0                           1 
   285 b3b5b5                      0                           1 
   286 b3b5b6                      0                           1 
   287 b3b5b7                      0                           1 
   288 b3b5b8                      0                           1 
   289 b3b5b9                      0                           1 
   290 b3b5b10                     1                           1 
   291 b3b5b11                     1                           1 
   292 b3b5b12                     0                           1 
   293 b3b5b13                     0                           1 
   294 b3b5b14                     0                           1 
   295 b3b12b1                     0                           1 
   296 b3b12b2                     0                           1 
   297 b3b12b3                     1                           1 
   298 b3b12b4                     0                           1 
   299 b3b12b5                     0                           1 
   300 b3b12b6                     0                           1 
   301 b3b12b7                     0                           1 
   302 b3b12b8                     0                           1 
   303 b3b12b9                     0                           1 
   304 b3b12b10                    0                           1 
   305 b3b12b11                    1                           1 
   306 b3b12b12                    0                           1 
   307 b3b12b13                    0                           1 
   308 b3b12b14                    0                           1 
   309 b3b14b1                     0                           1 
   310 b3b14b2                     0                           1 
   311 b3b14b3                     1                           1 
   312 b3b14b4                     0                           1 
   313 b3b14b5                     0                           1 
   314 b3b14b6                     0                           1 
   315 b3b14b7                     0                           1 
   316 b3b14b8                     0                           1 
   317 b3b14b9                     0                           1 
   318 b3b14b10                    0                           1 
   319 b3b14b11                    1                           1 
   320 b3b14b12                    0                           1 
   321 b3b14b13                    0                           1 
   322 b3b14b14                    0                           1 
   323 b4b1b1                      0                           1 
   324 b4b1b2                      0                           1 
   325 b4b1b3                      1                           1 
   326 b4b1b4                      0                           1 
   327 b4b1b5                      0                           1 
   328 b4b1b6                      0                           1 
   329 b4b1b7                      0                           1 
   330 b4b1b8                      0                           1 
   331 b4b1b9                      0                           1 
   332 b4b1b10                     1                           1 
   333 b4b1b11                     0                           1 
   334 b4b1b12                     0                           1 
   335 b4b1b13                     0                           1 
   336 b4b1b14                     0                           1 
   337 b4b5b1                      0                           1 
   338 b4b5b2                      0                           1 
   339 b4b5b3                      1                           1 
   340 b4b5b4                      0                           1 
   341 b4b5b5                      0                           1 
   342 b4b5b6                      0                           1 
   343 b4b5b7                      0                           1 
   344 b4b5b8                      0                           1 
   345 b4b5b9                      0                           1 
   346 b4b5b10                     1                           1 
   347 b4b5b11                     0                           1 
   348 b4b5b12                     0                           1 
   349 b4b5b13                     0                           1 
   350 b4b5b14                     0                           1 
   351 b4b6b1                      0                           1 
   352 b4b6b2                      0                           1 
   353 b4b6b3                      1                           1 
   354 b4b6b4                      0                           1 
   355 b4b6b5                      0                           1 
   356 b4b6b6                      0                           1 
   357 b4b6b7                      0                           1 
   358 b4b6b8                      0                           1 
   359 b4b6b9                      0                           1 
   360 b4b6b10                     1                           1 
   361 b4b6b11                     0                           1 
   362 b4b6b12                     0                           1 
   363 b4b6b13                     0                           1 
   364 b4b6b14                     0                           1 
   365 b4b10b1                     0                           1 
   366 b4b10b2                     0                           1 
   367 b4b10b3                     1                           1 
   368 b4b10b4                     0                           1 
   369 b4b10b5                     0                           1 
   370 b4b10b6                     0                           1 
   371 b4b10b7                     0                           1 
   372 b4b10b8                     0                           1 
   373 b4b10b9                     0                           1 
   374 b4b10b10                    1                           1 
   375 b4b10b11                    0                           1 
   376 b4b10b12                    0                           1 
   377 b4b10b13                    0                           1 
   378 b4b10b14                    0                           1 
   379 b5b3b1                      0                           1 
   380 b5b3b2                      0                           1 
   381 b5b3b3                      0                           1 
   382 b5b3b4                      0                           1 
   383 b5b3b5                      0                           1 
   384 b5b3b6                      0                           1 
   385 b5b3b7                      0                           1 
   386 b5b3b8                      0                           1 
   387 b5b3b9                      0                           1 
   388 b5b3b10                     1                           1 
   389 b5b3b11                     1                           1 
   390 b5b3b12                     0                           1 
   391 b5b3b13                     0                           1 
   392 b5b3b14                     0                           1 
   393 b5b4b1                      0                           1 
   394 b5b4b2                      0                           1 
   395 b5b4b3                      1                           1 
   396 b5b4b4                      0                           1 
   397 b5b4b5                      0                           1 
   398 b5b4b6                      0                           1 
   399 b5b4b7                      0                           1 
   400 b5b4b8                      0                           1 
   401 b5b4b9                      0                           1 
   402 b5b4b10                     1                           1 
   403 b5b4b11                     0                           1 
   404 b5b4b12                     0                           1 
   405 b5b4b13                     0                           1 
   406 b5b4b14                     0                           1 
   407 b5b12b1                     0                           1 
   408 b5b12b2                     0                           1 
   409 b5b12b3                     1                           1 
   410 b5b12b4                     0                           1 
   411 b5b12b5                     0                           1 
   412 b5b12b6                     0                           1 
   413 b5b12b7                     0                           1 
   414 b5b12b8                     0                           1 
   415 b5b12b9                     0                           1 
   416 b5b12b10                    1                           1 
   417 b5b12b11                    0                           1 
   418 b5b12b12                    0                           1 
   419 b5b12b13                    0                           1 
   420 b5b12b14                    0                           1 
   421 b6b4b1                      0                           1 
   422 b6b4b2                      0                           1 
   423 b6b4b3                      1                           1 
   424 b6b4b4                      0                           1 
   425 b6b4b5                      0                           1 
   426 b6b4b6                      0                           1 
   427 b6b4b7                      0                           1 
   428 b6b4b8                      0                           1 
   429 b6b4b9                      0                           1 
   430 b6b4b10                     1                           1 
   431 b6b4b11                     0                           1 
   432 b6b4b12                     0                           1 
   433 b6b4b13                     0                           1 
   434 b6b4b14                     0                           1 
   435 b6b8b1                      0                           1 
   436 b6b8b2                      0                           1 
   437 b6b8b3                      0                           1 
   438 b6b8b4                      0                           1 
   439 b6b8b5                      0                           1 
   440 b6b8b6                      0                           1 
   441 b6b8b7                      0                           1 
   442 b6b8b8                      0                           1 
   443 b6b8b9                      0                           1 
   444 b6b8b10                     1                           1 
   445 b6b8b11                     1                           1 
   446 b6b8b12                     0                           1 
   447 b6b8b13                     0                           1 
   448 b6b8b14                     0                           1 
   449 b6b9b1                      0                           1 
   450 b6b9b2                      0                           1 
   451 b6b9b3                      0                           1 
   452 b6b9b4                      0                           1 
   453 b6b9b5                      0                           1 
   454 b6b9b6                      0                           1 
   455 b6b9b7                      0                           1 
   456 b6b9b8                      0                           1 
   457 b6b9b9                      0                           1 
   458 b6b9b10                     1                           1 
   459 b6b9b11                     1                           1 
   460 b6b9b12                     0                           1 
   461 b6b9b13                     0                           1 
   462 b6b9b14                     0                           1 
   463 b6b12b1                     0                           1 
   464 b6b12b2                     0                           1 
   465 b6b12b3                     1                           1 
   466 b6b12b4                     0                           1 
   467 b6b12b5                     0                           1 
   468 b6b12b6                     0                           1 
   469 b6b12b7                     0                           1 
   470 b6b12b8                     0                           1 
   471 b6b12b9                     0                           1 
   472 b6b12b10                    1                           1 
   473 b6b12b11                    0                           1 
   474 b6b12b12                    0                           1 
   475 b6b12b13                    0                           1 
   476 b6b12b14                    0                           1 
   477 b6b13b1                     0                           1 
   478 b6b13b2                     0                           1 
   479 b6b13b3                     1                           1 
   480 b6b13b4                     0                           1 
   481 b6b13b5                     0                           1 
   482 b6b13b6                     0                           1 
   483 b6b13b7                     0                           1 
   484 b6b13b8                     0                           1 
   485 b6b13b9                     0                           1 
   486 b6b13b10                    1                           1 
   487 b6b13b11                    0                           1 
   488 b6b13b12                    0                           1 
   489 b6b13b13                    0                           1 
   490 b6b13b14                    0                           1 
   491 b6b14b1                     0                           1 
   492 b6b14b2                     0                           1 
   493 b6b14b3                     1                           1 
   494 b6b14b4                     0                           1 
   495 b6b14b5                     0                           1 
   496 b6b14b6                     0                           1 
   497 b6b14b7                     0                           1 
   498 b6b14b8                     0                           1 
   499 b6b14b9                     0                           1 
   500 b6b14b10                    1                           1 
   501 b6b14b11                    0                           1 
   502 b6b14b12                    0                           1 
   503 b6b14b13                    0                           1 
   504 b6b14b14                    0                           1 
   505 b7b9b1                      0                           1 
   506 b7b9b2                      0                           1 
   507 b7b9b3                      1                           1 
   508 b7b9b4                      0                           1 
   509 b7b9b5                      0                           1 
   510 b7b9b6                      0                           1 
   511 b7b9b7                      0                           1 
   512 b7b9b8                      0                           1 
   513 b7b9b9                      0                           1 
   514 b7b9b10                     0                           1 
   515 b7b9b11                     1                           1 
   516 b7b9b12                     0                           1 
   517 b7b9b13                     0                           1 
   518 b7b9b14                     0                           1 
   519 b7b10b1                     0                           1 
   520 b7b10b2                     0                           1 
   521 b7b10b3                     1                           1 
   522 b7b10b4                     0                           1 
   523 b7b10b5                     0                           1 
   524 b7b10b6                     0                           1 
   525 b7b10b7                     0                           1 
   526 b7b10b8                     0                           1 
   527 b7b10b9                     0                           1 
   528 b7b10b10                    1                           1 
   529 b7b10b11                    0                           1 
   530 b7b10b12                    0                           1 
   531 b7b10b13                    0                           1 
   532 b7b10b14                    0                           1 
   533 b7b11b1                     0                           1 
   534 b7b11b2                     0                           1 
   535 b7b11b3                     1                           1 
   536 b7b11b4                     0                           1 
   537 b7b11b5                     0                           1 
   538 b7b11b6                     0                           1 
   539 b7b11b7                     0                           1 
   540 b7b11b8                     0                           1 
   541 b7b11b9                     0                           1 
   542 b7b11b10                    0                           1 
   543 b7b11b11                    1                           1 
   544 b7b11b12                    0                           1 
   545 b7b11b13                    0                           1 
   546 b7b11b14                    0                           1 
   547 b8b6b1                      0                           1 
   548 b8b6b2                      0                           1 
   549 b8b6b3                      0                           1 
   550 b8b6b4                      0                           1 
   551 b8b6b5                      0                           1 
   552 b8b6b6                      0                           1 
   553 b8b6b7                      0                           1 
   554 b8b6b8                      0                           1 
   555 b8b6b9                      0                           1 
   556 b8b6b10                     1                           1 
   557 b8b6b11                     1                           1 
   558 b8b6b12                     0                           1 
   559 b8b6b13                     0                           1 
   560 b8b6b14                     0                           1 
   561 b8b13b1                     0                           1 
   562 b8b13b2                     0                           1 
   563 b8b13b3                     1                           1 
   564 b8b13b4                     0                           1 
   565 b8b13b5                     0                           1 
   566 b8b13b6                     0                           1 
   567 b8b13b7                     0                           1 
   568 b8b13b8                     0                           1 
   569 b8b13b9                     0                           1 
   570 b8b13b10                    0                           1 
   571 b8b13b11                    1                           1 
   572 b8b13b12                    0                           1 
   573 b8b13b13                    0                           1 
   574 b8b13b14                    0                           1 
   575 b9b2b1                      0                           1 
   576 b9b2b2                      0                           1 
   577 b9b2b3                      0                           1 
   578 b9b2b4                      0                           1 
   579 b9b2b5                      0                           1 
   580 b9b2b6                      0                           1 
   581 b9b2b7                      0                           1 
   582 b9b2b8                      0                           1 
   583 b9b2b9                      0                           1 
   584 b9b2b10                     1                           1 
   585 b9b2b11                     1                           1 
   586 b9b2b12                     0                           1 
   587 b9b2b13                     0                           1 
   588 b9b2b14                     0                           1 
   589 b9b6b1                      0                           1 
   590 b9b6b2                      0                           1 
   591 b9b6b3                      0                           1 
   592 b9b6b4                      0                           1 
   593 b9b6b5                      0                           1 
   594 b9b6b6                      0                           1 
   595 b9b6b7                      0                           1 
   596 b9b6b8                      0                           1 
   597 b9b6b9                      0                           1 
   598 b9b6b10                     1                           1 
   599 b9b6b11                     1                           1 
   600 b9b6b12                     0                           1 
   601 b9b6b13                     0                           1 
   602 b9b6b14                     0                           1 
   603 b9b7b1                      0                           1 
   604 b9b7b2                      0                           1 
   605 b9b7b3                      1                           1 
   606 b9b7b4                      0                           1 
   607 b9b7b5                      0                           1 
   608 b9b7b6                      0                           1 
   609 b9b7b7                      0                           1 
   610 b9b7b8                      0                           1 
   611 b9b7b9                      0                           1 
   612 b9b7b10                     0                           1 
   613 b9b7b11                     1                           1 
   614 b9b7b12                     0                           1 
   615 b9b7b13                     0                           1 
   616 b9b7b14                     0                           1 
   617 b9b10b1                     0                           1 
   618 b9b10b2                     0                           1 
   619 b9b10b3                     0                           1 
   620 b9b10b4                     0                           1 
   621 b9b10b5                     0                           1 
   622 b9b10b6                     0                           1 
   623 b9b10b7                     0                           1 
   624 b9b10b8                     0                           1 
   625 b9b10b9                     0                           1 
   626 b9b10b10                    1                           1 
   627 b9b10b11                    1                           1 
   628 b9b10b12                    0                           1 
   629 b9b10b13                    0                           1 
   630 b9b10b14                    0                           1 
   631 b10b4b1                     0                           1 
   632 b10b4b2                     0                           1 
   633 b10b4b3                     1                           1 
   634 b10b4b4                     0                           1 
   635 b10b4b5                     0                           1 
   636 b10b4b6                     0                           1 
   637 b10b4b7                     0                           1 
   638 b10b4b8                     0                           1 
   639 b10b4b9                     0                           1 
   640 b10b4b10                    1                           1 
   641 b10b4b11                    0                           1 
   642 b10b4b12                    0                           1 
   643 b10b4b13                    0                           1 
   644 b10b4b14                    0                           1 
   645 b10b7b1                     0                           1 
   646 b10b7b2                     0                           1 
   647 b10b7b3                     1                           1 
   648 b10b7b4                     0                           1 
   649 b10b7b5                     0                           1 
   650 b10b7b6                     0                           1 
   651 b10b7b7                     0                           1 
   652 b10b7b8                     0                           1 
   653 b10b7b9                     0                           1 
   654 b10b7b10                    1                           1 
   655 b10b7b11                    0                           1 
   656 b10b7b12                    0                           1 
   657 b10b7b13                    0                           1 
   658 b10b7b14                    0                           1 
   659 b10b9b1                     0                           1 
   660 b10b9b2                     0                           1 
   661 b10b9b3                     0                           1 
   662 b10b9b4                     0                           1 
   663 b10b9b5                     0                           1 
   664 b10b9b6                     0                           1 
   665 b10b9b7                     0                           1 
   666 b10b9b8                     0                           1 
   667 b10b9b9                     0                           1 
   668 b10b9b10                    1                           1 
   669 b10b9b11                    1                           1 
   670 b10b9b12                    0                           1 
   671 b10b9b13                    0                           1 
   672 b10b9b14                    0                           1 
   673 b10b11b1                    0                           1 
   674 b10b11b2                    0                           1 
   675 b10b11b3                    0                           1 
   676 b10b11b4                    0                           1 
   677 b10b11b5                    0                           1 
   678 b10b11b6                    0                           1 
   679 b10b11b7                    0                           1 
   680 b10b11b8                    0                           1 
   681 b10b11b9                    0                           1 
   682 b10b11b10                   1                           1 
   683 b10b11b11                   1                           1 
   684 b10b11b12                   0                           1 
   685 b10b11b13                   0                           1 
   686 b10b11b14                   0                           1 
   687 b11b1b1                     0                           1 
   688 b11b1b2                     0                           1 
   689 b11b1b3                     0                           1 
   690 b11b1b4                     0                           1 
   691 b11b1b5                     0                           1 
   692 b11b1b6                     0                           1 
   693 b11b1b7                     0                           1 
   694 b11b1b8                     0                           1 
   695 b11b1b9                     0                           1 
   696 b11b1b10                    1                           1 
   697 b11b1b11                    1                           1 
   698 b11b1b12                    0                           1 
   699 b11b1b13                    0                           1 
   700 b11b1b14                    0                           1 
   701 b11b7b1                     0                           1 
   702 b11b7b2                     0                           1 
   703 b11b7b3                     1                           1 
   704 b11b7b4                     0                           1 
   705 b11b7b5                     0                           1 
   706 b11b7b6                     0                           1 
   707 b11b7b7                     0                           1 
   708 b11b7b8                     0                           1 
   709 b11b7b9                     0                           1 
   710 b11b7b10                    0                           1 
   711 b11b7b11                    1                           1 
   712 b11b7b12                    0                           1 
   713 b11b7b13                    0                           1 
   714 b11b7b14                    0                           1 
   715 b11b10b1                    0                           1 
   716 b11b10b2                    0                           1 
   717 b11b10b3                    0                           1 
   718 b11b10b4                    0                           1 
   719 b11b10b5                    0                           1 
   720 b11b10b6                    0                           1 
   721 b11b10b7                    0                           1 
   722 b11b10b8                    0                           1 
   723 b11b10b9                    0                           1 
   724 b11b10b10                   1                           1 
   725 b11b10b11                   1                           1 
   726 b11b10b12                   0                           1 
   727 b11b10b13                   0                           1 
   728 b11b10b14                   0                           1 
   729 b11b12b1                    0                           1 
   730 b11b12b2                    0                           1 
   731 b11b12b3                    1                           1 
   732 b11b12b4                    0                           1 
   733 b11b12b5                    0                           1 
   734 b11b12b6                    0                           1 
   735 b11b12b7                    0                           1 
   736 b11b12b8                    0                           1 
   737 b11b12b9                    0                           1 
   738 b11b12b10                   0                           1 
   739 b11b12b11                   1                           1 
   740 b11b12b12                   0                           1 
   741 b11b12b13                   0                           1 
   742 b11b12b14                   0                           1 
   743 b12b1b1                     0                           1 
   744 b12b1b2                     0                           1 
   745 b12b1b3                     1                           1 
   746 b12b1b4                     0                           1 
   747 b12b1b5                     0                           1 
   748 b12b1b6                     0                           1 
   749 b12b1b7                     0                           1 
   750 b12b1b8                     0                           1 
   751 b12b1b9                     0                           1 
   752 b12b1b10                    1                           1 
   753 b12b1b11                    0                           1 
   754 b12b1b12                    0                           1 
   755 b12b1b13                    0                           1 
   756 b12b1b14                    0                           1 
   757 b12b3b1                     0                           1 
   758 b12b3b2                     0                           1 
   759 b12b3b3                     1                           1 
   760 b12b3b4                     0                           1 
   761 b12b3b5                     0                           1 
   762 b12b3b6                     0                           1 
   763 b12b3b7                     0                           1 
   764 b12b3b8                     0                           1 
   765 b12b3b9                     0                           1 
   766 b12b3b10                    0                           1 
   767 b12b3b11                    1                           1 
   768 b12b3b12                    0                           1 
   769 b12b3b13                    0                           1 
   770 b12b3b14                    0                           1 
   771 b12b5b1                     0                           1 
   772 b12b5b2                     0                           1 
   773 b12b5b3                     1                           1 
   774 b12b5b4                     0                           1 
   775 b12b5b5                     0                           1 
   776 b12b5b6                     0                           1 
   777 b12b5b7                     0                           1 
   778 b12b5b8                     0                           1 
   779 b12b5b9                     0                           1 
   780 b12b5b10                    1                           1 
   781 b12b5b11                    0                           1 
   782 b12b5b12                    0                           1 
   783 b12b5b13                    0                           1 
   784 b12b5b14                    0                           1 
   785 b12b6b1                     0                           1 
   786 b12b6b2                     0                           1 
   787 b12b6b3                     1                           1 
   788 b12b6b4                     0                           1 
   789 b12b6b5                     0                           1 
   790 b12b6b6                     0                           1 
   791 b12b6b7                     0                           1 
   792 b12b6b8                     0                           1 
   793 b12b6b9                     0                           1 
   794 b12b6b10                    1                           1 
   795 b12b6b11                    0                           1 
   796 b12b6b12                    0                           1 
   797 b12b6b13                    0                           1 
   798 b12b6b14                    0                           1 
   799 b12b11b1                    0                           1 
   800 b12b11b2                    0                           1 
   801 b12b11b3                    1                           1 
   802 b12b11b4                    0                           1 
   803 b12b11b5                    0                           1 
   804 b12b11b6                    0                           1 
   805 b12b11b7                    0                           1 
   806 b12b11b8                    0                           1 
   807 b12b11b9                    0                           1 
   808 b12b11b10                   0                           1 
   809 b12b11b11                   1                           1 
   810 b12b11b12                   0                           1 
   811 b12b11b13                   0                           1 
   812 b12b11b14                   0                           1 
   813 b13b2b1                     0                           1 
   814 b13b2b2                     0                           1 
   815 b13b2b3                     1                           1 
   816 b13b2b4                     0                           1 
   817 b13b2b5                     0                           1 
   818 b13b2b6                     0                           1 
   819 b13b2b7                     0                           1 
   820 b13b2b8                     0                           1 
   821 b13b2b9                     0                           1 
   822 b13b2b10                    1                           1 
   823 b13b2b11                    0                           1 
   824 b13b2b12                    0                           1 
   825 b13b2b13                    0                           1 
   826 b13b2b14                    0                           1 
   827 b13b6b1                     0                           1 
   828 b13b6b2                     0                           1 
   829 b13b6b3                     1                           1 
   830 b13b6b4                     0                           1 
   831 b13b6b5                     0                           1 
   832 b13b6b6                     0                           1 
   833 b13b6b7                     0                           1 
   834 b13b6b8                     0                           1 
   835 b13b6b9                     0                           1 
   836 b13b6b10                    1                           1 
   837 b13b6b11                    0                           1 
   838 b13b6b12                    0                           1 
   839 b13b6b13                    0                           1 
   840 b13b6b14                    0                           1 
   841 b13b8b1                     0                           1 
   842 b13b8b2                     0                           1 
   843 b13b8b3                     1                           1 
   844 b13b8b4                     0                           1 
   845 b13b8b5                     0                           1 
   846 b13b8b6                     0                           1 
   847 b13b8b7                     0                           1 
   848 b13b8b8                     0                           1 
   849 b13b8b9                     0                           1 
   850 b13b8b10                    0                           1 
   851 b13b8b11                    1                           1 
   852 b13b8b12                    0                           1 
   853 b13b8b13                    0                           1 
   854 b13b8b14                    0                           1 
   855 b14b2b1                     0                           1 
   856 b14b2b2                     0                           1 
   857 b14b2b3                     1                           1 
   858 b14b2b4                     0                           1 
   859 b14b2b5                     0                           1 
   860 b14b2b6                     0                           1 
   861 b14b2b7                     0                           1 
   862 b14b2b8                     0                           1 
   863 b14b2b9                     0                           1 
   864 b14b2b10                    1                           1 
   865 b14b2b11                    0                           1 
   866 b14b2b12                    0                           1 
   867 b14b2b13                    0                           1 
   868 b14b2b14                    0                           1 
   869 b14b3b1                     0                           1 
   870 b14b3b2                     0                           1 
   871 b14b3b3                     1                           1 
   872 b14b3b4                     0                           1 
   873 b14b3b5                     0                           1 
   874 b14b3b6                     0                           1 
   875 b14b3b7                     0                           1 
   876 b14b3b8                     0                           1 
   877 b14b3b9                     0                           1 
   878 b14b3b10                    0                           1 
   879 b14b3b11                    1                           1 
   880 b14b3b12                    0                           1 
   881 b14b3b13                    0                           1 
   882 b14b3b14                    0                           1 
   883 b14b6b1                     0                           1 
   884 b14b6b2                     0                           1 
   885 b14b6b3                     1                           1 
   886 b14b6b4                     0                           1 
   887 b14b6b5                     0                           1 
   888 b14b6b6                     0                           1 
   889 b14b6b7                     0                           1 
   890 b14b6b8                     0                           1 
   891 b14b6b9                     0                           1 
   892 b14b6b10                    1                           1 
   893 b14b6b11                    0                           1 
   894 b14b6b12                    0                           1 
   895 b14b6b13                    0                           1 
   896 b14b6b14                    0                           1 
   897 c1                          1             1             = 
   898 c2                          1             1             = 
   899 c3                          1             1             = 
   900 c4                          1             1             = 
   901 c5                          1             1             = 
   902 c6                          1             1             = 
   903 c7                          1             1             = 
   904 c8                          1             1             = 
   905 c9                          1             1             = 
   906 c10                         1             1             = 
   907 c11                         1             1             = 
   908 c12                         1             1             = 
   909 c13                         1             1             = 
   910 c14                         1             1             = 
   911 d1                          0                           8 
   912 d2                          0                          10 
   913 d3                          5                           5 
   914 d4                          0                           6 
   915 d5                          0                           5 
   916 d6                          0                           8 
   917 d7                          0                           9 
   918 d8                          0                           3 
   919 d9                          0                           9 
   920 d10                         5                           6 
   921 d11                         4                           4 
   922 d12                         0                           5 
   923 d13                         0                           3 
   924 d14                         0                           3 

   No. Column name       Activity     Lower bound   Upper bound
------ ------------    ------------- ------------- -------------
     1 x1           *              0             0             1 
     2 x2           *              0             0             1 
     3 x3           *              1             0             1 
     4 x4           *              0             0             1 
     5 x5           *              0             0             1 
     6 x6           *              0             0             1 
     7 x7           *              0             0             1 
     8 x8           *              0             0             1 
     9 x9           *              0             0             1 
    10 x10          *              1             0             1 
    11 x11          *              1             0             1 
    12 x12          *              0             0             1 
    13 x13          *              0             0             1 
    14 x14          *              0             0             1 
    15 y1,1         *              0             0             1 
    16 y1,2         *              0             0             1 
    17 y1,3         *              0             0             1 
    18 y1,4         *              0             0             1 
    19 y1,5         *              0             0             1 
    20 y1,6         *              0             0             1 
    21 y1,7         *              0             0             1 
    22 y1,8         *              0             0             1 
    23 y1,9         *              0             0             1 
    24 y1,10        *              1             0             1 
    25 y1,11        *              0             0             1 
    26 y1,12        *              0             0             1 
    27 y1,13        *              0             0             1 
    28 y1,14        *              0             0             1 
    29 y2,1         *              0             0             1 
    30 y2,2         *              0             0             1 
    31 y2,3         *              0             0             1 
    32 y2,4         *              0             0             1 
    33 y2,5         *              0             0             1 
    34 y2,6         *              0             0             1 
    35 y2,7         *              0             0             1 
    36 y2,8         *              0             0             1 
    37 y2,9         *              0             0             1 
    38 y2,10        *              1             0             1 
    39 y2,11        *              0             0             1 
    40 y2,12        *              0             0             1 
    41 y2,13        *              0             0             1 
    42 y2,14        *              0             0             1 
    43 y3,1         *              0             0             1 
    44 y3,2         *              0             0             1 
    45 y3,3         *              0             0             1 
    46 y3,4         *              0             0             1 
    47 y3,5         *              0             0             1 
    48 y3,6         *              0             0             1 
    49 y3,7         *              0             0             1 
    50 y3,8         *              0             0             1 
    51 y3,9         *              0             0             1 
    52 y3,10        *              0             0             1 
    53 y3,11        *              1             0             1 
    54 y3,12        *              0             0             1 
    55 y3,13        *              0             0             1 
    56 y3,14        *              0             0             1 
    57 y4,1         *              0             0             1 
    58 y4,2         *              0             0             1 
    59 y4,3         *              1             0             1 
    60 y4,4         *              0             0             1 
    61 y4,5         *              0             0             1 
    62 y4,6         *              0             0             1 
    63 y4,7         *              0             0             1 
    64 y4,8         *              0             0             1 
    65 y4,9         *              0             0             1 
    66 y4,10        *              0             0             1 
    67 y4,11        *              0             0             1 
    68 y4,12        *              0             0             1 
    69 y4,13        *              0             0             1 
    70 y4,14        *              0             0             1 
    71 y5,1         *              0             0             1 
    72 y5,2         *              0             0             1 
    73 y5,3         *              0             0             1 
    74 y5,4         *              0             0             1 
    75 y5,5         *              0             0             1 
    76 y5,6         *              0             0             1 
    77 y5,7         *              0             0             1 
    78 y5,8         *              0             0             1 
    79 y5,9         *              0             0             1 
    80 y5,10        *              1             0             1 
    81 y5,11        *              0             0             1 
    82 y5,12        *              0             0             1 
    83 y5,13        *              0             0             1 
    84 y5,14        *              0             0             1 
    85 y6,1         *              0             0             1 
    86 y6,2         *              0             0             1 
    87 y6,3         *              0             0             1 
    88 y6,4         *              0             0             1 
    89 y6,5         *              0             0             1 
    90 y6,6         *              0             0             1 
    91 y6,7         *              0             0             1 
    92 y6,8         *              0             0             1 
    93 y6,9         *              0             0             1 
    94 y6,10        *              1             0             1 
    95 y6,11        *              0             0             1 
    96 y6,12        *              0             0             1 
    97 y6,13        *              0             0             1 
    98 y6,14        *              0             0             1 
    99 y7,1         *              0             0             1 
   100 y7,2         *              0             0             1 
   101 y7,3         *              1             0             1 
   102 y7,4         *              0             0             1 
   103 y7,5         *              0             0             1 
   104 y7,6         *              0             0             1 
   105 y7,7         *              0             0             1 
   106 y7,8         *              0             0             1 
   107 y7,9         *              0             0             1 
   108 y7,10        *              0             0             1 
   109 y7,11        *              0             0             1 
   110 y7,12        *              0             0             1 
   111 y7,13        *              0             0             1 
   112 y7,14        *              0             0             1 
   113 y8,1         *              0             0             1 
   114 y8,2         *              0             0             1 
   115 y8,3         *              0             0             1 
   116 y8,4         *              0             0             1 
   117 y8,5         *              0             0             1 
   118 y8,6         *              0             0             1 
   119 y8,7         *              0             0             1 
   120 y8,8         *              0             0             1 
   121 y8,9         *              0             0             1 
   122 y8,10        *              0             0             1 
   123 y8,11        *              1             0             1 
   124 y8,12        *              0             0             1 
   125 y8,13        *              0             0             1 
   126 y8,14        *              0             0             1 
   127 y9,1         *              0             0             1 
   128 y9,2         *              0             0             1 
   129 y9,3         *              0             0             1 
   130 y9,4         *              0             0             1 
   131 y9,5         *              0             0             1 
   132 y9,6         *              0             0             1 
   133 y9,7         *              0             0             1 
   134 y9,8         *              0             0             1 
   135 y9,9         *              0             0             1 
   136 y9,10        *              0             0             1 
   137 y9,11        *              1             0             1 
   138 y9,12        *              0             0             1 
   139 y9,13        *              0             0             1 
   140 y9,14        *              0             0             1 
   141 y10,1        *              0             0             1 
   142 y10,2        *              0             0             1 
   143 y10,3        *              0             0             1 
   144 y10,4        *              0             0             1 
   145 y10,5        *              0             0             1 
   146 y10,6        *              0             0             1 
   147 y10,7        *              0             0             1 
   148 y10,8        *              0             0             1 
   149 y10,9        *              0             0             1 
   150 y10,10       *              1             0             1 
   151 y10,11       *              0             0             1 
   152 y10,12       *              0             0             1 
   153 y10,13       *              0             0             1 
   154 y10,14       *              0             0             1 
   155 y11,1        *              0             0             1 
   156 y11,2        *              0             0             1 
   157 y11,3        *              0             0             1 
   158 y11,4        *              0             0             1 
   159 y11,5        *              0             0             1 
   160 y11,6        *              0             0             1 
   161 y11,7        *              0             0             1 
   162 y11,8        *              0             0             1 
   163 y11,9        *              0             0             1 
   164 y11,10       *              0             0             1 
   165 y11,11       *              1             0             1 
   166 y11,12       *              0             0             1 
   167 y11,13       *              0             0             1 
   168 y11,14       *              0             0             1 
   169 y12,1        *              0             0             1 
   170 y12,2        *              0             0             1 
   171 y12,3        *              1             0             1 
   172 y12,4        *              0             0             1 
   173 y12,5        *              0             0             1 
   174 y12,6        *              0             0             1 
   175 y12,7        *              0             0             1 
   176 y12,8        *              0             0             1 
   177 y12,9        *              0             0             1 
   178 y12,10       *              0             0             1 
   179 y12,11       *              0             0             1 
   180 y12,12       *              0             0             1 
   181 y12,13       *              0             0             1 
   182 y12,14       *              0             0             1 
   183 y13,1        *              0             0             1 
   184 y13,2        *              0             0             1 
   185 y13,3        *              1             0             1 
   186 y13,4        *              0             0             1 
   187 y13,5        *              0             0             1 
   188 y13,6        *              0             0             1 
   189 y13,7        *              0             0             1 
   190 y13,8        *              0             0             1 
   191 y13,9        *              0             0             1 
   192 y13,10       *              0             0             1 
   193 y13,11       *              0             0             1 
   194 y13,12       *              0             0             1 
   195 y13,13       *              0             0             1 
   196 y13,14       *              0             0             1 
   197 y14,1        *              0             0             1 
   198 y14,2        *              0             0             1 
   199 y14,3        *              1             0             1 
   200 y14,4        *              0             0             1 
   201 y14,5        *              0             0             1 
   202 y14,6        *              0             0             1 
   203 y14,7        *              0             0             1 
   204 y14,8        *              0             0             1 
   205 y14,9        *              0             0             1 
   206 y14,10       *              0             0             1 
   207 y14,11       *              0             0             1 
   208 y14,12       *              0             0             1 
   209 y14,13       *              0             0             1 
   210 y14,14       *              0             0             1 

Integer feasibility conditions:

KKT.PE: max.abs.err = 0.00e+00 on row 0
        max.rel.err = 0.00e+00 on row 0
        High quality

KKT.PB: max.abs.err = 0.00e+00 on row 0
        max.rel.err = 0.00e+00 on row 0
        High quality

End of output
