Problem:    
Rows:       640
Columns:    278 (198 integer, 198 binary)
Non-zeros:  1584
Status:     INTEGER OPTIMAL
Objective:  z = 64 (MINimum)

   No.   Row name        Activity     Lower bound   Upper bound
------ ------------    ------------- ------------- -------------
     1 a1a1                        0                           0 
     2 a1a2                        0                           0 
     3 a1a3                        0                           0 
     4 a1a4                        0                           0 
     5 a1a5                        0                           0 
     6 a1a6                        0                           0 
     7 a1a7                        0                           0 
     8 a1a8                        0                           0 
     9 a1a9                        0                           0 
    10 a1a10                       0                           0 
    11 a1a11                       0                           0 
    12 a1a12                      -1                           0 
    13 a1a13                      -1                           0 
    14 a1a14                       0                           0 
    15 a1a15                       0                           0 
    16 a1a16                       0                           0 
    17 a1a17                       0                           0 
    18 a1a18                       0                           0 
    19 a2a1                        0                           0 
    20 a2a2                        0                           0 
    21 a2a3                        0                           0 
    22 a2a4                        0                           0 
    23 a2a5                        0                           0 
    24 a2a6                        0                           0 
    25 a2a7                        0                           0 
    26 a2a8                        0                           0 
    27 a2a9                        0                           0 
    28 a2a10                       0                           0 
    29 a2a11                       0                           0 
    30 a2a12                      -1                           0 
    31 a2a13                      -1                           0 
    32 a2a14                       0                           0 
    33 a2a15                       0                           0 
    34 a2a16                       0                           0 
    35 a2a17                       0                           0 
    36 a2a18                       0                           0 
    37 a3a1                        0                           0 
    38 a3a2                        0                           0 
    39 a3a3                        0                           0 
    40 a3a4                        0                           0 
    41 a3a5                        0                           0 
    42 a3a6                        0                           0 
    43 a3a7                        0                           0 
    44 a3a8                        0                           0 
    45 a3a9                       -1                           0 
    46 a3a10                       0                           0 
    47 a3a11                       0                           0 
    48 a3a12                       0                           0 
    49 a3a13                      -1                           0 
    50 a3a14                       0                           0 
    51 a3a15                       0                           0 
    52 a3a16                       0                           0 
    53 a3a17                       0                           0 
    54 a3a18                       0                           0 
    55 a4a1                        0                           0 
    56 a4a2                        0                           0 
    57 a4a3                        0                           0 
    58 a4a4                        0                           0 
    59 a4a5                        0                           0 
    60 a4a6                        0                           0 
    61 a4a7                        0                           0 
    62 a4a8                        0                           0 
    63 a4a9                       -1                           0 
    64 a4a10                       0                           0 
    65 a4a11                       0                           0 
    66 a4a12                       0                           0 
    67 a4a13                      -1                           0 
    68 a4a14                       0                           0 
    69 a4a15                       0                           0 
    70 a4a16                       0                           0 
    71 a4a17                       0                           0 
    72 a4a18                       0                           0 
    73 a5a1                        0                           0 
    74 a5a2                        0                           0 
    75 a5a3                        0                           0 
    76 a5a4                        0                           0 
    77 a5a5                        0                           0 
    78 a5a6                        0                           0 
    79 a5a7                        0                           0 
    80 a5a8                        0                           0 
    81 a5a9                       -1                           0 
    82 a5a10                       0                           0 
    83 a5a11                       0                           0 
    84 a5a12                      -1                           0 
    85 a5a13                       0                           0 
    86 a5a14                       0                           0 
    87 a5a15                       0                           0 
    88 a5a16                       0                           0 
    89 a5a17                       0                           0 
    90 a5a18                       0                           0 
    91 a6a1                        0                           0 
    92 a6a2                        0                           0 
    93 a6a3                        0                           0 
    94 a6a4                        0                           0 
    95 a6a5                        0                           0 
    96 a6a6                        0                           0 
    97 a6a7                        0                           0 
    98 a6a8                        0                           0 
    99 a6a9                       -1                           0 
   100 a6a10                       0                           0 
   101 a6a11                       0                           0 
   102 a6a12                       0                           0 
   103 a6a13                      -1                           0 
   104 a6a14                       0                           0 
   105 a6a15                       0                           0 
   106 a6a16                       0                           0 
   107 a6a17                       0                           0 
   108 a6a18                       0                           0 
   109 a7a1                        0                           0 
   110 a7a2                        0                           0 
   111 a7a3                        0                           0 
   112 a7a4                        0                           0 
   113 a7a5                        0                           0 
   114 a7a6                        0                           0 
   115 a7a7                        0                           0 
   116 a7a8                        0                           0 
   117 a7a9                        0                           0 
   118 a7a10                       0                           0 
   119 a7a11                       0                           0 
   120 a7a12                      -1                           0 
   121 a7a13                      -1                           0 
   122 a7a14                       0                           0 
   123 a7a15                       0                           0 
   124 a7a16                       0                           0 
   125 a7a17                       0                           0 
   126 a7a18                       0                           0 
   127 a8a1                        0                           0 
   128 a8a2                        0                           0 
   129 a8a3                        0                           0 
   130 a8a4                        0                           0 
   131 a8a5                        0                           0 
   132 a8a6                        0                           0 
   133 a8a7                        0                           0 
   134 a8a8                        0                           0 
   135 a8a9                       -1                           0 
   136 a8a10                       0                           0 
   137 a8a11                       0                           0 
   138 a8a12                      -1                           0 
   139 a8a13                       0                           0 
   140 a8a14                       0                           0 
   141 a8a15                       0                           0 
   142 a8a16                       0                           0 
   143 a8a17                       0                           0 
   144 a8a18                       0                           0 
   145 a9a1                        0                           0 
   146 a9a2                        0                           0 
   147 a9a3                        0                           0 
   148 a9a4                        0                           0 
   149 a9a5                        0                           0 
   150 a9a6                        0                           0 
   151 a9a7                        0                           0 
   152 a9a8                        0                           0 
   153 a9a9                       -1                           0 
   154 a9a10                       0                           0 
   155 a9a11                       0                           0 
   156 a9a12                      -1                           0 
   157 a9a13                       0                           0 
   158 a9a14                       0                           0 
   159 a9a15                       0                           0 
   160 a9a16                       0                           0 
   161 a9a17                       0                           0 
   162 a9a18                       0                           0 
   163 a10a1                       0                           0 
   164 a10a2                       0                           0 
   165 a10a3                       0                           0 
   166 a10a4                       0                           0 
   167 a10a5                       0                           0 
   168 a10a6                       0                           0 
   169 a10a7                       0                           0 
   170 a10a8                       0                           0 
   171 a10a9                      -1                           0 
   172 a10a10                      0                           0 
   173 a10a11                      0                           0 
   174 a10a12                     -1                           0 
   175 a10a13                      0                           0 
   176 a10a14                      0                           0 
   177 a10a15                      0                           0 
   178 a10a16                      0                           0 
   179 a10a17                      0                           0 
   180 a10a18                      0                           0 
   181 b1b4b1                      0                           1 
   182 b1b4b2                      0                           1 
   183 b1b4b3                      0                           1 
   184 b1b4b4                      0                           1 
   185 b1b4b5                      0                           1 
   186 b1b4b6                      0                           1 
   187 b1b4b7                      0                           1 
   188 b1b4b8                      0                           1 
   189 b1b4b9                      1                           1 
   190 b1b4b10                     0                           1 
   191 b1b4b11                     0                           1 
   192 b1b4b12                     1                           1 
   193 b1b4b13                     0                           1 
   194 b1b4b14                     0                           1 
   195 b1b4b15                     0                           1 
   196 b1b4b16                     0                           1 
   197 b1b4b17                     0                           1 
   198 b1b4b18                     0                           1 
   199 b1b9b1                      0                           1 
   200 b1b9b2                      0                           1 
   201 b1b9b3                      0                           1 
   202 b1b9b4                      0                           1 
   203 b1b9b5                      0                           1 
   204 b1b9b6                      0                           1 
   205 b1b9b7                      0                           1 
   206 b1b9b8                      0                           1 
   207 b1b9b9                      1                           1 
   208 b1b9b10                     0                           1 
   209 b1b9b11                     0                           1 
   210 b1b9b12                     0                           1 
   211 b1b9b13                     1                           1 
   212 b1b9b14                     0                           1 
   213 b1b9b15                     0                           1 
   214 b1b9b16                     0                           1 
   215 b1b9b17                     0                           1 
   216 b1b9b18                     0                           1 
   217 b1b10b1                     0                           1 
   218 b1b10b2                     0                           1 
   219 b1b10b3                     0                           1 
   220 b1b10b4                     0                           1 
   221 b1b10b5                     0                           1 
   222 b1b10b6                     0                           1 
   223 b1b10b7                     0                           1 
   224 b1b10b8                     0                           1 
   225 b1b10b9                     1                           1 
   226 b1b10b10                    0                           1 
   227 b1b10b11                    0                           1 
   228 b1b10b12                    0                           1 
   229 b1b10b13                    1                           1 
   230 b1b10b14                    0                           1 
   231 b1b10b15                    0                           1 
   232 b1b10b16                    0                           1 
   233 b1b10b17                    0                           1 
   234 b1b10b18                    0                           1 
   235 b2b3b1                      0                           1 
   236 b2b3b2                      0                           1 
   237 b2b3b3                      0                           1 
   238 b2b3b4                      0                           1 
   239 b2b3b5                      0                           1 
   240 b2b3b6                      0                           1 
   241 b2b3b7                      0                           1 
   242 b2b3b8                      0                           1 
   243 b2b3b9                      1                           1 
   244 b2b3b10                     0                           1 
   245 b2b3b11                     0                           1 
   246 b2b3b12                     1                           1 
   247 b2b3b13                     0                           1 
   248 b2b3b14                     0                           1 
   249 b2b3b15                     0                           1 
   250 b2b3b16                     0                           1 
   251 b2b3b17                     0                           1 
   252 b2b3b18                     0                           1 
   253 b2b10b1                     0                           1 
   254 b2b10b2                     0                           1 
   255 b2b10b3                     0                           1 
   256 b2b10b4                     0                           1 
   257 b2b10b5                     0                           1 
   258 b2b10b6                     0                           1 
   259 b2b10b7                     0                           1 
   260 b2b10b8                     0                           1 
   261 b2b10b9                     1                           1 
   262 b2b10b10                    0                           1 
   263 b2b10b11                    0                           1 
   264 b2b10b12                    0                           1 
   265 b2b10b13                    1                           1 
   266 b2b10b14                    0                           1 
   267 b2b10b15                    0                           1 
   268 b2b10b16                    0                           1 
   269 b2b10b17                    0                           1 
   270 b2b10b18                    0                           1 
   271 b3b2b1                      0                           1 
   272 b3b2b2                      0                           1 
   273 b3b2b3                      0                           1 
   274 b3b2b4                      0                           1 
   275 b3b2b5                      0                           1 
   276 b3b2b6                      0                           1 
   277 b3b2b7                      0                           1 
   278 b3b2b8                      0                           1 
   279 b3b2b9                      1                           1 
   280 b3b2b10                     0                           1 
   281 b3b2b11                     0                           1 
   282 b3b2b12                     1                           1 
   283 b3b2b13                     0                           1 
   284 b3b2b14                     0                           1 
   285 b3b2b15                     0                           1 
   286 b3b2b16                     0                           1 
   287 b3b2b17                     0                           1 
   288 b3b2b18                     0                           1 
   289 b3b5b1                      0                           1 
   290 b3b5b2                      0                           1 
   291 b3b5b3                      0                           1 
   292 b3b5b4                      0                           1 
   293 b3b5b5                      0                           1 
   294 b3b5b6                      0                           1 
   295 b3b5b7                      0                           1 
   296 b3b5b8                      0                           1 
   297 b3b5b9                      0                           1 
   298 b3b5b10                     0                           1 
   299 b3b5b11                     0                           1 
   300 b3b5b12                     1                           1 
   301 b3b5b13                     1                           1 
   302 b3b5b14                     0                           1 
   303 b3b5b15                     0                           1 
   304 b3b5b16                     0                           1 
   305 b3b5b17                     0                           1 
   306 b3b5b18                     0                           1 
   307 b3b8b1                      0                           1 
   308 b3b8b2                      0                           1 
   309 b3b8b3                      0                           1 
   310 b3b8b4                      0                           1 
   311 b3b8b5                      0                           1 
   312 b3b8b6                      0                           1 
   313 b3b8b7                      0                           1 
   314 b3b8b8                      0                           1 
   315 b3b8b9                      0                           1 
   316 b3b8b10                     0                           1 
   317 b3b8b11                     0                           1 
   318 b3b8b12                     1                           1 
   319 b3b8b13                     1                           1 
   320 b3b8b14                     0                           1 
   321 b3b8b15                     0                           1 
   322 b3b8b16                     0                           1 
   323 b3b8b17                     0                           1 
   324 b3b8b18                     0                           1 
   325 b4b1b1                      0                           1 
   326 b4b1b2                      0                           1 
   327 b4b1b3                      0                           1 
   328 b4b1b4                      0                           1 
   329 b4b1b5                      0                           1 
   330 b4b1b6                      0                           1 
   331 b4b1b7                      0                           1 
   332 b4b1b8                      0                           1 
   333 b4b1b9                      1                           1 
   334 b4b1b10                     0                           1 
   335 b4b1b11                     0                           1 
   336 b4b1b12                     1                           1 
   337 b4b1b13                     0                           1 
   338 b4b1b14                     0                           1 
   339 b4b1b15                     0                           1 
   340 b4b1b16                     0                           1 
   341 b4b1b17                     0                           1 
   342 b4b1b18                     0                           1 
   343 b4b9b1                      0                           1 
   344 b4b9b2                      0                           1 
   345 b4b9b3                      0                           1 
   346 b4b9b4                      0                           1 
   347 b4b9b5                      0                           1 
   348 b4b9b6                      0                           1 
   349 b4b9b7                      0                           1 
   350 b4b9b8                      0                           1 
   351 b4b9b9                      0                           1 
   352 b4b9b10                     0                           1 
   353 b4b9b11                     0                           1 
   354 b4b9b12                     1                           1 
   355 b4b9b13                     1                           1 
   356 b4b9b14                     0                           1 
   357 b4b9b15                     0                           1 
   358 b4b9b16                     0                           1 
   359 b4b9b17                     0                           1 
   360 b4b9b18                     0                           1 
   361 b5b3b1                      0                           1 
   362 b5b3b2                      0                           1 
   363 b5b3b3                      0                           1 
   364 b5b3b4                      0                           1 
   365 b5b3b5                      0                           1 
   366 b5b3b6                      0                           1 
   367 b5b3b7                      0                           1 
   368 b5b3b8                      0                           1 
   369 b5b3b9                      0                           1 
   370 b5b3b10                     0                           1 
   371 b5b3b11                     0                           1 
   372 b5b3b12                     1                           1 
   373 b5b3b13                     1                           1 
   374 b5b3b14                     0                           1 
   375 b5b3b15                     0                           1 
   376 b5b3b16                     0                           1 
   377 b5b3b17                     0                           1 
   378 b5b3b18                     0                           1 
   379 b6b7b1                      0                           1 
   380 b6b7b2                      0                           1 
   381 b6b7b3                      0                           1 
   382 b6b7b4                      0                           1 
   383 b6b7b5                      0                           1 
   384 b6b7b6                      0                           1 
   385 b6b7b7                      0                           1 
   386 b6b7b8                      0                           1 
   387 b6b7b9                      1                           1 
   388 b6b7b10                     0                           1 
   389 b6b7b11                     0                           1 
   390 b6b7b12                     1                           1 
   391 b6b7b13                     0                           1 
   392 b6b7b14                     0                           1 
   393 b6b7b15                     0                           1 
   394 b6b7b16                     0                           1 
   395 b6b7b17                     0                           1 
   396 b6b7b18                     0                           1 
   397 b7b6b1                      0                           1 
   398 b7b6b2                      0                           1 
   399 b7b6b3                      0                           1 
   400 b7b6b4                      0                           1 
   401 b7b6b5                      0                           1 
   402 b7b6b6                      0                           1 
   403 b7b6b7                      0                           1 
   404 b7b6b8                      0                           1 
   405 b7b6b9                      1                           1 
   406 b7b6b10                     0                           1 
   407 b7b6b11                     0                           1 
   408 b7b6b12                     1                           1 
   409 b7b6b13                     0                           1 
   410 b7b6b14                     0                           1 
   411 b7b6b15                     0                           1 
   412 b7b6b16                     0                           1 
   413 b7b6b17                     0                           1 
   414 b7b6b18                     0                           1 
   415 b7b8b1                      0                           1 
   416 b7b8b2                      0                           1 
   417 b7b8b3                      0                           1 
   418 b7b8b4                      0                           1 
   419 b7b8b5                      0                           1 
   420 b7b8b6                      0                           1 
   421 b7b8b7                      0                           1 
   422 b7b8b8                      0                           1 
   423 b7b8b9                      1                           1 
   424 b7b8b10                     0                           1 
   425 b7b8b11                     0                           1 
   426 b7b8b12                     0                           1 
   427 b7b8b13                     1                           1 
   428 b7b8b14                     0                           1 
   429 b7b8b15                     0                           1 
   430 b7b8b16                     0                           1 
   431 b7b8b17                     0                           1 
   432 b7b8b18                     0                           1 
   433 b7b9b1                      0                           1 
   434 b7b9b2                      0                           1 
   435 b7b9b3                      0                           1 
   436 b7b9b4                      0                           1 
   437 b7b9b5                      0                           1 
   438 b7b9b6                      0                           1 
   439 b7b9b7                      0                           1 
   440 b7b9b8                      0                           1 
   441 b7b9b9                      1                           1 
   442 b7b9b10                     0                           1 
   443 b7b9b11                     0                           1 
   444 b7b9b12                     0                           1 
   445 b7b9b13                     1                           1 
   446 b7b9b14                     0                           1 
   447 b7b9b15                     0                           1 
   448 b7b9b16                     0                           1 
   449 b7b9b17                     0                           1 
   450 b7b9b18                     0                           1 
   451 b7b10b1                     0                           1 
   452 b7b10b2                     0                           1 
   453 b7b10b3                     0                           1 
   454 b7b10b4                     0                           1 
   455 b7b10b5                     0                           1 
   456 b7b10b6                     0                           1 
   457 b7b10b7                     0                           1 
   458 b7b10b8                     0                           1 
   459 b7b10b9                     1                           1 
   460 b7b10b10                    0                           1 
   461 b7b10b11                    0                           1 
   462 b7b10b12                    0                           1 
   463 b7b10b13                    1                           1 
   464 b7b10b14                    0                           1 
   465 b7b10b15                    0                           1 
   466 b7b10b16                    0                           1 
   467 b7b10b17                    0                           1 
   468 b7b10b18                    0                           1 
   469 b8b3b1                      0                           1 
   470 b8b3b2                      0                           1 
   471 b8b3b3                      0                           1 
   472 b8b3b4                      0                           1 
   473 b8b3b5                      0                           1 
   474 b8b3b6                      0                           1 
   475 b8b3b7                      0                           1 
   476 b8b3b8                      0                           1 
   477 b8b3b9                      0                           1 
   478 b8b3b10                     0                           1 
   479 b8b3b11                     0                           1 
   480 b8b3b12                     1                           1 
   481 b8b3b13                     1                           1 
   482 b8b3b14                     0                           1 
   483 b8b3b15                     0                           1 
   484 b8b3b16                     0                           1 
   485 b8b3b17                     0                           1 
   486 b8b3b18                     0                           1 
   487 b8b7b1                      0                           1 
   488 b8b7b2                      0                           1 
   489 b8b7b3                      0                           1 
   490 b8b7b4                      0                           1 
   491 b8b7b5                      0                           1 
   492 b8b7b6                      0                           1 
   493 b8b7b7                      0                           1 
   494 b8b7b8                      0                           1 
   495 b8b7b9                      1                           1 
   496 b8b7b10                     0                           1 
   497 b8b7b11                     0                           1 
   498 b8b7b12                     0                           1 
   499 b8b7b13                     1                           1 
   500 b8b7b14                     0                           1 
   501 b8b7b15                     0                           1 
   502 b8b7b16                     0                           1 
   503 b8b7b17                     0                           1 
   504 b8b7b18                     0                           1 
   505 b9b1b1                      0                           1 
   506 b9b1b2                      0                           1 
   507 b9b1b3                      0                           1 
   508 b9b1b4                      0                           1 
   509 b9b1b5                      0                           1 
   510 b9b1b6                      0                           1 
   511 b9b1b7                      0                           1 
   512 b9b1b8                      0                           1 
   513 b9b1b9                      1                           1 
   514 b9b1b10                     0                           1 
   515 b9b1b11                     0                           1 
   516 b9b1b12                     0                           1 
   517 b9b1b13                     1                           1 
   518 b9b1b14                     0                           1 
   519 b9b1b15                     0                           1 
   520 b9b1b16                     0                           1 
   521 b9b1b17                     0                           1 
   522 b9b1b18                     0                           1 
   523 b9b4b1                      0                           1 
   524 b9b4b2                      0                           1 
   525 b9b4b3                      0                           1 
   526 b9b4b4                      0                           1 
   527 b9b4b5                      0                           1 
   528 b9b4b6                      0                           1 
   529 b9b4b7                      0                           1 
   530 b9b4b8                      0                           1 
   531 b9b4b9                      0                           1 
   532 b9b4b10                     0                           1 
   533 b9b4b11                     0                           1 
   534 b9b4b12                     1                           1 
   535 b9b4b13                     1                           1 
   536 b9b4b14                     0                           1 
   537 b9b4b15                     0                           1 
   538 b9b4b16                     0                           1 
   539 b9b4b17                     0                           1 
   540 b9b4b18                     0                           1 
   541 b9b7b1                      0                           1 
   542 b9b7b2                      0                           1 
   543 b9b7b3                      0                           1 
   544 b9b7b4                      0                           1 
   545 b9b7b5                      0                           1 
   546 b9b7b6                      0                           1 
   547 b9b7b7                      0                           1 
   548 b9b7b8                      0                           1 
   549 b9b7b9                      1                           1 
   550 b9b7b10                     0                           1 
   551 b9b7b11                     0                           1 
   552 b9b7b12                     0                           1 
   553 b9b7b13                     1                           1 
   554 b9b7b14                     0                           1 
   555 b9b7b15                     0                           1 
   556 b9b7b16                     0                           1 
   557 b9b7b17                     0                           1 
   558 b9b7b18                     0                           1 
   559 b10b1b1                     0                           1 
   560 b10b1b2                     0                           1 
   561 b10b1b3                     0                           1 
   562 b10b1b4                     0                           1 
   563 b10b1b5                     0                           1 
   564 b10b1b6                     0                           1 
   565 b10b1b7                     0                           1 
   566 b10b1b8                     0                           1 
   567 b10b1b9                     1                           1 
   568 b10b1b10                    0                           1 
   569 b10b1b11                    0                           1 
   570 b10b1b12                    0                           1 
   571 b10b1b13                    1                           1 
   572 b10b1b14                    0                           1 
   573 b10b1b15                    0                           1 
   574 b10b1b16                    0                           1 
   575 b10b1b17                    0                           1 
   576 b10b1b18                    0                           1 
   577 b10b2b1                     0                           1 
   578 b10b2b2                     0                           1 
   579 b10b2b3                     0                           1 
   580 b10b2b4                     0                           1 
   581 b10b2b5                     0                           1 
   582 b10b2b6                     0                           1 
   583 b10b2b7                     0                           1 
   584 b10b2b8                     0                           1 
   585 b10b2b9                     1                           1 
   586 b10b2b10                    0                           1 
   587 b10b2b11                    0                           1 
   588 b10b2b12                    0                           1 
   589 b10b2b13                    1                           1 
   590 b10b2b14                    0                           1 
   591 b10b2b15                    0                           1 
   592 b10b2b16                    0                           1 
   593 b10b2b17                    0                           1 
   594 b10b2b18                    0                           1 
   595 b10b7b1                     0                           1 
   596 b10b7b2                     0                           1 
   597 b10b7b3                     0                           1 
   598 b10b7b4                     0                           1 
   599 b10b7b5                     0                           1 
   600 b10b7b6                     0                           1 
   601 b10b7b7                     0                           1 
   602 b10b7b8                     0                           1 
   603 b10b7b9                     1                           1 
   604 b10b7b10                    0                           1 
   605 b10b7b11                    0                           1 
   606 b10b7b12                    0                           1 
   607 b10b7b13                    1                           1 
   608 b10b7b14                    0                           1 
   609 b10b7b15                    0                           1 
   610 b10b7b16                    0                           1 
   611 b10b7b17                    0                           1 
   612 b10b7b18                    0                           1 
   613 c1                          1             1             = 
   614 c2                          1             1             = 
   615 c3                          1             1             = 
   616 c4                          1             1             = 
   617 c5                          1             1             = 
   618 c6                          1             1             = 
   619 c7                          1             1             = 
   620 c8                          1             1             = 
   621 c9                          1             1             = 
   622 c10                         1             1             = 
   623 d1                          0                           9 
   624 d2                          0                           5 
   625 d3                          0                           7 
   626 d4                          0                           9 
   627 d5                          0                           8 
   628 d6                          0                           5 
   629 d7                          0                           6 
   630 d8                          0                           5 
   631 d9                          3                           3 
   632 d10                         0                           9 
   633 d11                         0                           9 
   634 d12                         3                           3 
   635 d13                         4                           4 
   636 d14                         0                           6 
   637 d15                         0                           6 
   638 d16                         0                           7 
   639 d17                         0                           6 
   640 d18                         0                           9 

   No. Column name       Activity     Lower bound   Upper bound
------ ------------    ------------- ------------- -------------
     1 x1           *              0             0             1 
     2 x2           *              0             0             1 
     3 x3           *              0             0             1 
     4 x4           *              0             0             1 
     5 x5           *              0             0             1 
     6 x6           *              0             0             1 
     7 x7           *              0             0             1 
     8 x8           *              0             0             1 
     9 x9           *              1             0             1 
    10 x10          *              0             0             1 
    11 x11          *              0             0             1 
    12 x12          *              1             0             1 
    13 x13          *              1             0             1 
    14 x14          *              0             0             1 
    15 x15          *              0             0             1 
    16 x16          *              0             0             1 
    17 x17          *              0             0             1 
    18 x18          *              0             0             1 
    19 y1,1         *              0             0             1 
    20 y1,2         *              0             0             1 
    21 y1,3         *              0             0             1 
    22 y1,4         *              0             0             1 
    23 y1,5         *              0             0             1 
    24 y1,6         *              0             0             1 
    25 y1,7         *              0             0             1 
    26 y1,8         *              0             0             1 
    27 y1,9         *              1             0             1 
    28 y1,10        *              0             0             1 
    29 y1,11                       0             0               
    30 y1,12                       0             0               
    31 y1,13                       0             0               
    32 y1,14                       0             0               
    33 y1,15                       0             0               
    34 y1,16                       0             0               
    35 y1,17                       0             0               
    36 y1,18                       0             0               
    37 y2,1         *              0             0             1 
    38 y2,2         *              0             0             1 
    39 y2,3         *              0             0             1 
    40 y2,4         *              0             0             1 
    41 y2,5         *              0             0             1 
    42 y2,6         *              0             0             1 
    43 y2,7         *              0             0             1 
    44 y2,8         *              0             0             1 
    45 y2,9         *              1             0             1 
    46 y2,10        *              0             0             1 
    47 y2,11                       0             0               
    48 y2,12                       0             0               
    49 y2,13                       0             0               
    50 y2,14                       0             0               
    51 y2,15                       0             0               
    52 y2,16                       0             0               
    53 y2,17                       0             0               
    54 y2,18                       0             0               
    55 y3,1         *              0             0             1 
    56 y3,2         *              0             0             1 
    57 y3,3         *              0             0             1 
    58 y3,4         *              0             0             1 
    59 y3,5         *              0             0             1 
    60 y3,6         *              0             0             1 
    61 y3,7         *              0             0             1 
    62 y3,8         *              0             0             1 
    63 y3,9         *              0             0             1 
    64 y3,10        *              0             0             1 
    65 y3,11                       0             0               
    66 y3,12                       1             0               
    67 y3,13                       0             0               
    68 y3,14                       0             0               
    69 y3,15                       0             0               
    70 y3,16                       0             0               
    71 y3,17                       0             0               
    72 y3,18                       0             0               
    73 y4,1         *              0             0             1 
    74 y4,2         *              0             0             1 
    75 y4,3         *              0             0             1 
    76 y4,4         *              0             0             1 
    77 y4,5         *              0             0             1 
    78 y4,6         *              0             0             1 
    79 y4,7         *              0             0             1 
    80 y4,8         *              0             0             1 
    81 y4,9         *              0             0             1 
    82 y4,10        *              0             0             1 
    83 y4,11                       0             0               
    84 y4,12                       1             0               
    85 y4,13                       0             0               
    86 y4,14                       0             0               
    87 y4,15                       0             0               
    88 y4,16                       0             0               
    89 y4,17                       0             0               
    90 y4,18                       0             0               
    91 y5,1         *              0             0             1 
    92 y5,2         *              0             0             1 
    93 y5,3         *              0             0             1 
    94 y5,4         *              0             0             1 
    95 y5,5         *              0             0             1 
    96 y5,6         *              0             0             1 
    97 y5,7         *              0             0             1 
    98 y5,8         *              0             0             1 
    99 y5,9         *              0             0             1 
   100 y5,10        *              0             0             1 
   101 y5,11                       0             0               
   102 y5,12                       0             0               
   103 y5,13                       1             0               
   104 y5,14                       0             0               
   105 y5,15                       0             0               
   106 y5,16                       0             0               
   107 y5,17                       0             0               
   108 y5,18                       0             0               
   109 y6,1         *              0             0             1 
   110 y6,2         *              0             0             1 
   111 y6,3         *              0             0             1 
   112 y6,4         *              0             0             1 
   113 y6,5         *              0             0             1 
   114 y6,6         *              0             0             1 
   115 y6,7         *              0             0             1 
   116 y6,8         *              0             0             1 
   117 y6,9         *              0             0             1 
   118 y6,10        *              0             0             1 
   119 y6,11                       0             0               
   120 y6,12                       1             0               
   121 y6,13                       0             0               
   122 y6,14                       0             0               
   123 y6,15                       0             0               
   124 y6,16                       0             0               
   125 y6,17                       0             0               
   126 y6,18                       0             0               
   127 y7,1         *              0             0             1 
   128 y7,2         *              0             0             1 
   129 y7,3         *              0             0             1 
   130 y7,4         *              0             0             1 
   131 y7,5         *              0             0             1 
   132 y7,6         *              0             0             1 
   133 y7,7         *              0             0             1 
   134 y7,8         *              0             0             1 
   135 y7,9         *              1             0             1 
   136 y7,10        *              0             0             1 
   137 y7,11                       0             0               
   138 y7,12                       0             0               
   139 y7,13                       0             0               
   140 y7,14                       0             0               
   141 y7,15                       0             0               
   142 y7,16                       0             0               
   143 y7,17                       0             0               
   144 y7,18                       0             0               
   145 y8,1         *              0             0             1 
   146 y8,2         *              0             0             1 
   147 y8,3         *              0             0             1 
   148 y8,4         *              0             0             1 
   149 y8,5         *              0             0             1 
   150 y8,6         *              0             0             1 
   151 y8,7         *              0             0             1 
   152 y8,8         *              0             0             1 
   153 y8,9         *              0             0             1 
   154 y8,10        *              0             0             1 
   155 y8,11                       0             0               
   156 y8,12                       0             0               
   157 y8,13                       1             0               
   158 y8,14                       0             0               
   159 y8,15                       0             0               
   160 y8,16                       0             0               
   161 y8,17                       0             0               
   162 y8,18                       0             0               
   163 y9,1         *              0             0             1 
   164 y9,2         *              0             0             1 
   165 y9,3         *              0             0             1 
   166 y9,4         *              0             0             1 
   167 y9,5         *              0             0             1 
   168 y9,6         *              0             0             1 
   169 y9,7         *              0             0             1 
   170 y9,8         *              0             0             1 
   171 y9,9         *              0             0             1 
   172 y9,10        *              0             0             1 
   173 y9,11                       0             0               
   174 y9,12                       0             0               
   175 y9,13                       1             0               
   176 y9,14                       0             0               
   177 y9,15                       0             0               
   178 y9,16                       0             0               
   179 y9,17                       0             0               
   180 y9,18                       0             0               
   181 y10,1        *              0             0             1 
   182 y10,2        *              0             0             1 
   183 y10,3        *              0             0             1 
   184 y10,4        *              0             0             1 
   185 y10,5        *              0             0             1 
   186 y10,6        *              0             0             1 
   187 y10,7        *              0             0             1 
   188 y10,8        *              0             0             1 
   189 y10,9        *              0             0             1 
   190 y10,10       *              0             0             1 
   191 y10,11                      0             0               
   192 y10,12                      0             0               
   193 y10,13                      1             0               
   194 y10,14                      0             0               
   195 y10,15                      0             0               
   196 y10,16                      0             0               
   197 y10,17                      0             0               
   198 y10,18                      0             0               
   199 y11,1        *              0             0             1 
   200 y11,2        *              0             0             1 
   201 y11,3        *              0             0             1 
   202 y11,4        *              0             0             1 
   203 y11,5        *              0             0             1 
   204 y11,6        *              0             0             1 
   205 y11,7        *              0             0             1 
   206 y11,8        *              0             0             1 
   207 y11,9        *              0             0             1 
   208 y11,10       *              0             0             1 
   209 y12,1        *              0             0             1 
   210 y12,2        *              0             0             1 
   211 y12,3        *              0             0             1 
   212 y12,4        *              0             0             1 
   213 y12,5        *              0             0             1 
   214 y12,6        *              0             0             1 
   215 y12,7        *              0             0             1 
   216 y12,8        *              0             0             1 
   217 y12,9        *              0             0             1 
   218 y12,10       *              0             0             1 
   219 y13,1        *              0             0             1 
   220 y13,2        *              0             0             1 
   221 y13,3        *              0             0             1 
   222 y13,4        *              0             0             1 
   223 y13,5        *              0             0             1 
   224 y13,6        *              0             0             1 
   225 y13,7        *              0             0             1 
   226 y13,8        *              0             0             1 
   227 y13,9        *              0             0             1 
   228 y13,10       *              0             0             1 
   229 y14,1        *              0             0             1 
   230 y14,2        *              0             0             1 
   231 y14,3        *              0             0             1 
   232 y14,4        *              0             0             1 
   233 y14,5        *              0             0             1 
   234 y14,6        *              0             0             1 
   235 y14,7        *              0             0             1 
   236 y14,8        *              0             0             1 
   237 y14,9        *              0             0             1 
   238 y14,10       *              0             0             1 
   239 y15,1        *              0             0             1 
   240 y15,2        *              0             0             1 
   241 y15,3        *              0             0             1 
   242 y15,4        *              0             0             1 
   243 y15,5        *              0             0             1 
   244 y15,6        *              0             0             1 
   245 y15,7        *              0             0             1 
   246 y15,8        *              0             0             1 
   247 y15,9        *              0             0             1 
   248 y15,10       *              0             0             1 
   249 y16,1        *              0             0             1 
   250 y16,2        *              0             0             1 
   251 y16,3        *              0             0             1 
   252 y16,4        *              0             0             1 
   253 y16,5        *              0             0             1 
   254 y16,6        *              0             0             1 
   255 y16,7        *              0             0             1 
   256 y16,8        *              0             0             1 
   257 y16,9        *              0             0             1 
   258 y16,10       *              0             0             1 
   259 y17,1        *              0             0             1 
   260 y17,2        *              0             0             1 
   261 y17,3        *              0             0             1 
   262 y17,4        *              0             0             1 
   263 y17,5        *              0             0             1 
   264 y17,6        *              0             0             1 
   265 y17,7        *              0             0             1 
   266 y17,8        *              0             0             1 
   267 y17,9        *              0             0             1 
   268 y17,10       *              0             0             1 
   269 y18,1        *              0             0             1 
   270 y18,2        *              0             0             1 
   271 y18,3        *              0             0             1 
   272 y18,4        *              0             0             1 
   273 y18,5        *              0             0             1 
   274 y18,6        *              0             0             1 
   275 y18,7        *              0             0             1 
   276 y18,8        *              0             0             1 
   277 y18,9        *              0             0             1 
   278 y18,10       *              0             0             1 

Integer feasibility conditions:

KKT.PE: max.abs.err = 8.88e-16 on row 635
        max.rel.err = 9.87e-17 on row 635
        High quality

KKT.PB: max.abs.err = 4.44e-16 on row 48
        max.rel.err = 4.44e-16 on row 48
        High quality

End of output
