Problem:    
Rows:       1112
Columns:    356 (260 integer, 260 binary)
Non-zeros:  2640
Status:     INTEGER OPTIMAL
Objective:  z = 81 (MINimum)

   No.   Row name        Activity     Lower bound   Upper bound
------ ------------    ------------- ------------- -------------
     1 a1a1                        0                           0 
     2 a1a2                        0                           0 
     3 a1a3                        0                           0 
     4 a1a4                        0                           0 
     5 a1a5                        0                           0 
     6 a1a6                        0                           0 
     7 a1a7                        0                           0 
     8 a1a8                        0                           0 
     9 a1a9                        0                           0 
    10 a1a10                       0                           0 
    11 a1a11                       0                           0 
    12 a1a12                       0                           0 
    13 a1a13                       0                           0 
    14 a1a14                       0                           0 
    15 a1a15                    -0.5                           0 
    16 a1a16                    -0.5                           0 
    17 a1a17                       0                           0 
    18 a1a18                       0                           0 
    19 a1a19                       0                           0 
    20 a1a20                       0                           0 
    21 a2a1                        0                           0 
    22 a2a2                        0                           0 
    23 a2a3                        0                           0 
    24 a2a4                        0                           0 
    25 a2a5                        0                           0 
    26 a2a6                        0                           0 
    27 a2a7                        0                           0 
    28 a2a8                        0                           0 
    29 a2a9                        0                           0 
    30 a2a10                       0                           0 
    31 a2a11                       0                           0 
    32 a2a12                       0                           0 
    33 a2a13                       0                           0 
    34 a2a14                       0                           0 
    35 a2a15                    -0.5                           0 
    36 a2a16                    -0.5                           0 
    37 a2a17                       0                           0 
    38 a2a18                       0                           0 
    39 a2a19                       0                           0 
    40 a2a20                       0                           0 
    41 a3a1                        0                           0 
    42 a3a2                        0                           0 
    43 a3a3                        0                           0 
    44 a3a4                        0                           0 
    45 a3a5                        0                           0 
    46 a3a6                        0                           0 
    47 a3a7                        0                           0 
    48 a3a8                        0                           0 
    49 a3a9                        0                           0 
    50 a3a10                       0                           0 
    51 a3a11                       0                           0 
    52 a3a12                       0                           0 
    53 a3a13                       0                           0 
    54 a3a14                       0                           0 
    55 a3a15                    -0.5                           0 
    56 a3a16                    -0.5                           0 
    57 a3a17                       0                           0 
    58 a3a18                       0                           0 
    59 a3a19                       0                           0 
    60 a3a20                       0                           0 
    61 a4a1                        0                           0 
    62 a4a2                        0                           0 
    63 a4a3                        0                           0 
    64 a4a4                        0                           0 
    65 a4a5                        0                           0 
    66 a4a6                        0                           0 
    67 a4a7                        0                           0 
    68 a4a8                        0                           0 
    69 a4a9                        0                           0 
    70 a4a10                       0                           0 
    71 a4a11                       0                           0 
    72 a4a12                       0                           0 
    73 a4a13                       0                           0 
    74 a4a14                       0                           0 
    75 a4a15                    -0.5                           0 
    76 a4a16                    -0.5                           0 
    77 a4a17                       0                           0 
    78 a4a18                       0                           0 
    79 a4a19                       0                           0 
    80 a4a20                       0                           0 
    81 a5a1                        0                           0 
    82 a5a2                        0                           0 
    83 a5a3                        0                           0 
    84 a5a4                        0                           0 
    85 a5a5                        0                           0 
    86 a5a6                        0                           0 
    87 a5a7                        0                           0 
    88 a5a8                        0                           0 
    89 a5a9                        0                           0 
    90 a5a10                       0                           0 
    91 a5a11                       0                           0 
    92 a5a12                       0                           0 
    93 a5a13                       0                           0 
    94 a5a14                       0                           0 
    95 a5a15                    -0.5                           0 
    96 a5a16                    -0.5                           0 
    97 a5a17                       0                           0 
    98 a5a18                       0                           0 
    99 a5a19                       0                           0 
   100 a5a20                       0                           0 
   101 a6a1                        0                           0 
   102 a6a2                        0                           0 
   103 a6a3                        0                           0 
   104 a6a4                        0                           0 
   105 a6a5                        0                           0 
   106 a6a6                        0                           0 
   107 a6a7                        0                           0 
   108 a6a8                        0                           0 
   109 a6a9                        0                           0 
   110 a6a10                       0                           0 
   111 a6a11                       0                           0 
   112 a6a12                       0                           0 
   113 a6a13                       0                           0 
   114 a6a14                       0                           0 
   115 a6a15                    -0.5                           0 
   116 a6a16                    -0.5                           0 
   117 a6a17                       0                           0 
   118 a6a18                       0                           0 
   119 a6a19                       0                           0 
   120 a6a20                       0                           0 
   121 a7a1                        0                           0 
   122 a7a2                        0                           0 
   123 a7a3                        0                           0 
   124 a7a4                        0                           0 
   125 a7a5                        0                           0 
   126 a7a6                        0                           0 
   127 a7a7                        0                           0 
   128 a7a8                        0                           0 
   129 a7a9                        0                           0 
   130 a7a10                       0                           0 
   131 a7a11                       0                           0 
   132 a7a12                       0                           0 
   133 a7a13                       0                           0 
   134 a7a14                       0                           0 
   135 a7a15                    -0.5                           0 
   136 a7a16                    -0.5                           0 
   137 a7a17                       0                           0 
   138 a7a18                       0                           0 
   139 a7a19                       0                           0 
   140 a7a20                       0                           0 
   141 a8a1                        0                           0 
   142 a8a2                        0                           0 
   143 a8a3                        0                           0 
   144 a8a4                        0                           0 
   145 a8a5                        0                           0 
   146 a8a6                        0                           0 
   147 a8a7                        0                           0 
   148 a8a8                        0                           0 
   149 a8a9                        0                           0 
   150 a8a10                       0                           0 
   151 a8a11                       0                           0 
   152 a8a12                       0                           0 
   153 a8a13                       0                           0 
   154 a8a14                       0                           0 
   155 a8a15                    -0.5                           0 
   156 a8a16                    -0.5                           0 
   157 a8a17                       0                           0 
   158 a8a18                       0                           0 
   159 a8a19                       0                           0 
   160 a8a20                       0                           0 
   161 a9a1                        0                           0 
   162 a9a2                        0                           0 
   163 a9a3                        0                           0 
   164 a9a4                        0                           0 
   165 a9a5                        0                           0 
   166 a9a6                        0                           0 
   167 a9a7                        0                           0 
   168 a9a8                        0                           0 
   169 a9a9                        0                           0 
   170 a9a10                       0                           0 
   171 a9a11                       0                           0 
   172 a9a12                       0                           0 
   173 a9a13                       0                           0 
   174 a9a14                       0                           0 
   175 a9a15                    -0.5                           0 
   176 a9a16                    -0.5                           0 
   177 a9a17                       0                           0 
   178 a9a18                       0                           0 
   179 a9a19                       0                           0 
   180 a9a20                       0                           0 
   181 a10a1                       0                           0 
   182 a10a2                       0                           0 
   183 a10a3                       0                           0 
   184 a10a4                       0                           0 
   185 a10a5                       0                           0 
   186 a10a6                       0                           0 
   187 a10a7                       0                           0 
   188 a10a8                       0                           0 
   189 a10a9                       0                           0 
   190 a10a10                      0                           0 
   191 a10a11                      0                           0 
   192 a10a12                      0                           0 
   193 a10a13                      0                           0 
   194 a10a14                      0                           0 
   195 a10a15                   -0.5                           0 
   196 a10a16                   -0.5                           0 
   197 a10a17                      0                           0 
   198 a10a18                      0                           0 
   199 a10a19                      0                           0 
   200 a10a20                      0                           0 
   201 a11a1                       0                           0 
   202 a11a2                       0                           0 
   203 a11a3                       0                           0 
   204 a11a4                       0                           0 
   205 a11a5                       0                           0 
   206 a11a6                       0                           0 
   207 a11a7                       0                           0 
   208 a11a8                       0                           0 
   209 a11a9                       0                           0 
   210 a11a10                      0                           0 
   211 a11a11                      0                           0 
   212 a11a12                      0                           0 
   213 a11a13                      0                           0 
   214 a11a14                      0                           0 
   215 a11a15                   -0.5                           0 
   216 a11a16                   -0.5                           0 
   217 a11a17                      0                           0 
   218 a11a18                      0                           0 
   219 a11a19                      0                           0 
   220 a11a20                      0                           0 
   221 a12a1                       0                           0 
   222 a12a2                       0                           0 
   223 a12a3                       0                           0 
   224 a12a4                       0                           0 
   225 a12a5                       0                           0 
   226 a12a6                       0                           0 
   227 a12a7                       0                           0 
   228 a12a8                       0                           0 
   229 a12a9                       0                           0 
   230 a12a10                      0                           0 
   231 a12a11                      0                           0 
   232 a12a12                      0                           0 
   233 a12a13                      0                           0 
   234 a12a14                      0                           0 
   235 a12a15                   -0.5                           0 
   236 a12a16                   -0.5                           0 
   237 a12a17                      0                           0 
   238 a12a18                      0                           0 
   239 a12a19                      0                           0 
   240 a12a20                      0                           0 
   241 b1b7b1                      0                           1 
   242 b1b7b2                      0                           1 
   243 b1b7b3                      0                           1 
   244 b1b7b4                      0                           1 
   245 b1b7b5                      0                           1 
   246 b1b7b6                      0                           1 
   247 b1b7b7                      0                           1 
   248 b1b7b8                      0                           1 
   249 b1b7b9                      0                           1 
   250 b1b7b10                     0                           1 
   251 b1b7b11                     0                           1 
   252 b1b7b12                     0                           1 
   253 b1b7b13                     0                           1 
   254 b1b7b14                     0                           1 
   255 b1b7b15                     1                           1 
   256 b1b7b16                     1                           1 
   257 b1b7b17                     0                           1 
   258 b1b7b18                     0                           1 
   259 b1b7b19                     0                           1 
   260 b1b7b20                     0                           1 
   261 b1b9b1                      0                           1 
   262 b1b9b2                      0                           1 
   263 b1b9b3                      0                           1 
   264 b1b9b4                      0                           1 
   265 b1b9b5                      0                           1 
   266 b1b9b6                      0                           1 
   267 b1b9b7                      0                           1 
   268 b1b9b8                      0                           1 
   269 b1b9b9                      0                           1 
   270 b1b9b10                     0                           1 
   271 b1b9b11                     0                           1 
   272 b1b9b12                     0                           1 
   273 b1b9b13                     0                           1 
   274 b1b9b14                     0                           1 
   275 b1b9b15                     1                           1 
   276 b1b9b16                     1                           1 
   277 b1b9b17                     0                           1 
   278 b1b9b18                     0                           1 
   279 b1b9b19                     0                           1 
   280 b1b9b20                     0                           1 
   281 b1b11b1                     0                           1 
   282 b1b11b2                     0                           1 
   283 b1b11b3                     0                           1 
   284 b1b11b4                     0                           1 
   285 b1b11b5                     0                           1 
   286 b1b11b6                     0                           1 
   287 b1b11b7                     0                           1 
   288 b1b11b8                     0                           1 
   289 b1b11b9                     0                           1 
   290 b1b11b10                    0                           1 
   291 b1b11b11                    0                           1 
   292 b1b11b12                    0                           1 
   293 b1b11b13                    0                           1 
   294 b1b11b14                    0                           1 
   295 b1b11b15                    1                           1 
   296 b1b11b16                    1                           1 
   297 b1b11b17                    0                           1 
   298 b1b11b18                    0                           1 
   299 b1b11b19                    0                           1 
   300 b1b11b20                    0                           1 
   301 b1b12b1                     0                           1 
   302 b1b12b2                     0                           1 
   303 b1b12b3                     0                           1 
   304 b1b12b4                     0                           1 
   305 b1b12b5                     0                           1 
   306 b1b12b6                     0                           1 
   307 b1b12b7                     0                           1 
   308 b1b12b8                     0                           1 
   309 b1b12b9                     0                           1 
   310 b1b12b10                    0                           1 
   311 b1b12b11                    0                           1 
   312 b1b12b12                    0                           1 
   313 b1b12b13                    0                           1 
   314 b1b12b14                    0                           1 
   315 b1b12b15                    1                           1 
   316 b1b12b16                    1                           1 
   317 b1b12b17                    0                           1 
   318 b1b12b18                    0                           1 
   319 b1b12b19                    0                           1 
   320 b1b12b20                    0                           1 
   321 b2b9b1                      0                           1 
   322 b2b9b2                      0                           1 
   323 b2b9b3                      0                           1 
   324 b2b9b4                      0                           1 
   325 b2b9b5                      0                           1 
   326 b2b9b6                      0                           1 
   327 b2b9b7                      0                           1 
   328 b2b9b8                      0                           1 
   329 b2b9b9                      0                           1 
   330 b2b9b10                     0                           1 
   331 b2b9b11                     0                           1 
   332 b2b9b12                     0                           1 
   333 b2b9b13                     0                           1 
   334 b2b9b14                     0                           1 
   335 b2b9b15                     1                           1 
   336 b2b9b16                     1                           1 
   337 b2b9b17                     0                           1 
   338 b2b9b18                     0                           1 
   339 b2b9b19                     0                           1 
   340 b2b9b20                     0                           1 
   341 b3b6b1                      0                           1 
   342 b3b6b2                      0                           1 
   343 b3b6b3                      0                           1 
   344 b3b6b4                      0                           1 
   345 b3b6b5                      0                           1 
   346 b3b6b6                      0                           1 
   347 b3b6b7                      0                           1 
   348 b3b6b8                      0                           1 
   349 b3b6b9                      0                           1 
   350 b3b6b10                     0                           1 
   351 b3b6b11                     0                           1 
   352 b3b6b12                     0                           1 
   353 b3b6b13                     0                           1 
   354 b3b6b14                     0                           1 
   355 b3b6b15                     1                           1 
   356 b3b6b16                     1                           1 
   357 b3b6b17                     0                           1 
   358 b3b6b18                     0                           1 
   359 b3b6b19                     0                           1 
   360 b3b6b20                     0                           1 
   361 b3b8b1                      0                           1 
   362 b3b8b2                      0                           1 
   363 b3b8b3                      0                           1 
   364 b3b8b4                      0                           1 
   365 b3b8b5                      0                           1 
   366 b3b8b6                      0                           1 
   367 b3b8b7                      0                           1 
   368 b3b8b8                      0                           1 
   369 b3b8b9                      0                           1 
   370 b3b8b10                     0                           1 
   371 b3b8b11                     0                           1 
   372 b3b8b12                     0                           1 
   373 b3b8b13                     0                           1 
   374 b3b8b14                     0                           1 
   375 b3b8b15                     1                           1 
   376 b3b8b16                     1                           1 
   377 b3b8b17                     0                           1 
   378 b3b8b18                     0                           1 
   379 b3b8b19                     0                           1 
   380 b3b8b20                     0                           1 
   381 b4b10b1                     0                           1 
   382 b4b10b2                     0                           1 
   383 b4b10b3                     0                           1 
   384 b4b10b4                     0                           1 
   385 b4b10b5                     0                           1 
   386 b4b10b6                     0                           1 
   387 b4b10b7                     0                           1 
   388 b4b10b8                     0                           1 
   389 b4b10b9                     0                           1 
   390 b4b10b10                    0                           1 
   391 b4b10b11                    0                           1 
   392 b4b10b12                    0                           1 
   393 b4b10b13                    0                           1 
   394 b4b10b14                    0                           1 
   395 b4b10b15                    1                           1 
   396 b4b10b16                    1                           1 
   397 b4b10b17                    0                           1 
   398 b4b10b18                    0                           1 
   399 b4b10b19                    0                           1 
   400 b4b10b20                    0                           1 
   401 b5b7b1                      0                           1 
   402 b5b7b2                      0                           1 
   403 b5b7b3                      0                           1 
   404 b5b7b4                      0                           1 
   405 b5b7b5                      0                           1 
   406 b5b7b6                      0                           1 
   407 b5b7b7                      0                           1 
   408 b5b7b8                      0                           1 
   409 b5b7b9                      0                           1 
   410 b5b7b10                     0                           1 
   411 b5b7b11                     0                           1 
   412 b5b7b12                     0                           1 
   413 b5b7b13                     0                           1 
   414 b5b7b14                     0                           1 
   415 b5b7b15                     1                           1 
   416 b5b7b16                     1                           1 
   417 b5b7b17                     0                           1 
   418 b5b7b18                     0                           1 
   419 b5b7b19                     0                           1 
   420 b5b7b20                     0                           1 
   421 b5b10b1                     0                           1 
   422 b5b10b2                     0                           1 
   423 b5b10b3                     0                           1 
   424 b5b10b4                     0                           1 
   425 b5b10b5                     0                           1 
   426 b5b10b6                     0                           1 
   427 b5b10b7                     0                           1 
   428 b5b10b8                     0                           1 
   429 b5b10b9                     0                           1 
   430 b5b10b10                    0                           1 
   431 b5b10b11                    0                           1 
   432 b5b10b12                    0                           1 
   433 b5b10b13                    0                           1 
   434 b5b10b14                    0                           1 
   435 b5b10b15                    1                           1 
   436 b5b10b16                    1                           1 
   437 b5b10b17                    0                           1 
   438 b5b10b18                    0                           1 
   439 b5b10b19                    0                           1 
   440 b5b10b20                    0                           1 
   441 b5b11b1                     0                           1 
   442 b5b11b2                     0                           1 
   443 b5b11b3                     0                           1 
   444 b5b11b4                     0                           1 
   445 b5b11b5                     0                           1 
   446 b5b11b6                     0                           1 
   447 b5b11b7                     0                           1 
   448 b5b11b8                     0                           1 
   449 b5b11b9                     0                           1 
   450 b5b11b10                    0                           1 
   451 b5b11b11                    0                           1 
   452 b5b11b12                    0                           1 
   453 b5b11b13                    0                           1 
   454 b5b11b14                    0                           1 
   455 b5b11b15                    1                           1 
   456 b5b11b16                    1                           1 
   457 b5b11b17                    0                           1 
   458 b5b11b18                    0                           1 
   459 b5b11b19                    0                           1 
   460 b5b11b20                    0                           1 
   461 b6b3b1                      0                           1 
   462 b6b3b2                      0                           1 
   463 b6b3b3                      0                           1 
   464 b6b3b4                      0                           1 
   465 b6b3b5                      0                           1 
   466 b6b3b6                      0                           1 
   467 b6b3b7                      0                           1 
   468 b6b3b8                      0                           1 
   469 b6b3b9                      0                           1 
   470 b6b3b10                     0                           1 
   471 b6b3b11                     0                           1 
   472 b6b3b12                     0                           1 
   473 b6b3b13                     0                           1 
   474 b6b3b14                     0                           1 
   475 b6b3b15                     1                           1 
   476 b6b3b16                     1                           1 
   477 b6b3b17                     0                           1 
   478 b6b3b18                     0                           1 
   479 b6b3b19                     0                           1 
   480 b6b3b20                     0                           1 
   481 b6b7b1                      0                           1 
   482 b6b7b2                      0                           1 
   483 b6b7b3                      0                           1 
   484 b6b7b4                      0                           1 
   485 b6b7b5                      0                           1 
   486 b6b7b6                      0                           1 
   487 b6b7b7                      0                           1 
   488 b6b7b8                      0                           1 
   489 b6b7b9                      0                           1 
   490 b6b7b10                     0                           1 
   491 b6b7b11                     0                           1 
   492 b6b7b12                     0                           1 
   493 b6b7b13                     0                           1 
   494 b6b7b14                     0                           1 
   495 b6b7b15                     1                           1 
   496 b6b7b16                     1                           1 
   497 b6b7b17                     0                           1 
   498 b6b7b18                     0                           1 
   499 b6b7b19                     0                           1 
   500 b6b7b20                     0                           1 
   501 b6b8b1                      0                           1 
   502 b6b8b2                      0                           1 
   503 b6b8b3                      0                           1 
   504 b6b8b4                      0                           1 
   505 b6b8b5                      0                           1 
   506 b6b8b6                      0                           1 
   507 b6b8b7                      0                           1 
   508 b6b8b8                      0                           1 
   509 b6b8b9                      0                           1 
   510 b6b8b10                     0                           1 
   511 b6b8b11                     0                           1 
   512 b6b8b12                     0                           1 
   513 b6b8b13                     0                           1 
   514 b6b8b14                     0                           1 
   515 b6b8b15                     1                           1 
   516 b6b8b16                     1                           1 
   517 b6b8b17                     0                           1 
   518 b6b8b18                     0                           1 
   519 b6b8b19                     0                           1 
   520 b6b8b20                     0                           1 
   521 b6b11b1                     0                           1 
   522 b6b11b2                     0                           1 
   523 b6b11b3                     0                           1 
   524 b6b11b4                     0                           1 
   525 b6b11b5                     0                           1 
   526 b6b11b6                     0                           1 
   527 b6b11b7                     0                           1 
   528 b6b11b8                     0                           1 
   529 b6b11b9                     0                           1 
   530 b6b11b10                    0                           1 
   531 b6b11b11                    0                           1 
   532 b6b11b12                    0                           1 
   533 b6b11b13                    0                           1 
   534 b6b11b14                    0                           1 
   535 b6b11b15                    1                           1 
   536 b6b11b16                    1                           1 
   537 b6b11b17                    0                           1 
   538 b6b11b18                    0                           1 
   539 b6b11b19                    0                           1 
   540 b6b11b20                    0                           1 
   541 b6b12b1                     0                           1 
   542 b6b12b2                     0                           1 
   543 b6b12b3                     0                           1 
   544 b6b12b4                     0                           1 
   545 b6b12b5                     0                           1 
   546 b6b12b6                     0                           1 
   547 b6b12b7                     0                           1 
   548 b6b12b8                     0                           1 
   549 b6b12b9                     0                           1 
   550 b6b12b10                    0                           1 
   551 b6b12b11                    0                           1 
   552 b6b12b12                    0                           1 
   553 b6b12b13                    0                           1 
   554 b6b12b14                    0                           1 
   555 b6b12b15                    1                           1 
   556 b6b12b16                    1                           1 
   557 b6b12b17                    0                           1 
   558 b6b12b18                    0                           1 
   559 b6b12b19                    0                           1 
   560 b6b12b20                    0                           1 
   561 b7b1b1                      0                           1 
   562 b7b1b2                      0                           1 
   563 b7b1b3                      0                           1 
   564 b7b1b4                      0                           1 
   565 b7b1b5                      0                           1 
   566 b7b1b6                      0                           1 
   567 b7b1b7                      0                           1 
   568 b7b1b8                      0                           1 
   569 b7b1b9                      0                           1 
   570 b7b1b10                     0                           1 
   571 b7b1b11                     0                           1 
   572 b7b1b12                     0                           1 
   573 b7b1b13                     0                           1 
   574 b7b1b14                     0                           1 
   575 b7b1b15                     1                           1 
   576 b7b1b16                     1                           1 
   577 b7b1b17                     0                           1 
   578 b7b1b18                     0                           1 
   579 b7b1b19                     0                           1 
   580 b7b1b20                     0                           1 
   581 b7b5b1                      0                           1 
   582 b7b5b2                      0                           1 
   583 b7b5b3                      0                           1 
   584 b7b5b4                      0                           1 
   585 b7b5b5                      0                           1 
   586 b7b5b6                      0                           1 
   587 b7b5b7                      0                           1 
   588 b7b5b8                      0                           1 
   589 b7b5b9                      0                           1 
   590 b7b5b10                     0                           1 
   591 b7b5b11                     0                           1 
   592 b7b5b12                     0                           1 
   593 b7b5b13                     0                           1 
   594 b7b5b14                     0                           1 
   595 b7b5b15                     1                           1 
   596 b7b5b16                     1                           1 
   597 b7b5b17                     0                           1 
   598 b7b5b18                     0                           1 
   599 b7b5b19                     0                           1 
   600 b7b5b20                     0                           1 
   601 b7b6b1                      0                           1 
   602 b7b6b2                      0                           1 
   603 b7b6b3                      0                           1 
   604 b7b6b4                      0                           1 
   605 b7b6b5                      0                           1 
   606 b7b6b6                      0                           1 
   607 b7b6b7                      0                           1 
   608 b7b6b8                      0                           1 
   609 b7b6b9                      0                           1 
   610 b7b6b10                     0                           1 
   611 b7b6b11                     0                           1 
   612 b7b6b12                     0                           1 
   613 b7b6b13                     0                           1 
   614 b7b6b14                     0                           1 
   615 b7b6b15                     1                           1 
   616 b7b6b16                     1                           1 
   617 b7b6b17                     0                           1 
   618 b7b6b18                     0                           1 
   619 b7b6b19                     0                           1 
   620 b7b6b20                     0                           1 
   621 b7b9b1                      0                           1 
   622 b7b9b2                      0                           1 
   623 b7b9b3                      0                           1 
   624 b7b9b4                      0                           1 
   625 b7b9b5                      0                           1 
   626 b7b9b6                      0                           1 
   627 b7b9b7                      0                           1 
   628 b7b9b8                      0                           1 
   629 b7b9b9                      0                           1 
   630 b7b9b10                     0                           1 
   631 b7b9b11                     0                           1 
   632 b7b9b12                     0                           1 
   633 b7b9b13                     0                           1 
   634 b7b9b14                     0                           1 
   635 b7b9b15                     1                           1 
   636 b7b9b16                     1                           1 
   637 b7b9b17                     0                           1 
   638 b7b9b18                     0                           1 
   639 b7b9b19                     0                           1 
   640 b7b9b20                     0                           1 
   641 b7b10b1                     0                           1 
   642 b7b10b2                     0                           1 
   643 b7b10b3                     0                           1 
   644 b7b10b4                     0                           1 
   645 b7b10b5                     0                           1 
   646 b7b10b6                     0                           1 
   647 b7b10b7                     0                           1 
   648 b7b10b8                     0                           1 
   649 b7b10b9                     0                           1 
   650 b7b10b10                    0                           1 
   651 b7b10b11                    0                           1 
   652 b7b10b12                    0                           1 
   653 b7b10b13                    0                           1 
   654 b7b10b14                    0                           1 
   655 b7b10b15                    1                           1 
   656 b7b10b16                    1                           1 
   657 b7b10b17                    0                           1 
   658 b7b10b18                    0                           1 
   659 b7b10b19                    0                           1 
   660 b7b10b20                    0                           1 
   661 b7b12b1                     0                           1 
   662 b7b12b2                     0                           1 
   663 b7b12b3                     0                           1 
   664 b7b12b4                     0                           1 
   665 b7b12b5                     0                           1 
   666 b7b12b6                     0                           1 
   667 b7b12b7                     0                           1 
   668 b7b12b8                     0                           1 
   669 b7b12b9                     0                           1 
   670 b7b12b10                    0                           1 
   671 b7b12b11                    0                           1 
   672 b7b12b12                    0                           1 
   673 b7b12b13                    0                           1 
   674 b7b12b14                    0                           1 
   675 b7b12b15                    1                           1 
   676 b7b12b16                    1                           1 
   677 b7b12b17                    0                           1 
   678 b7b12b18                    0                           1 
   679 b7b12b19                    0                           1 
   680 b7b12b20                    0                           1 
   681 b8b3b1                      0                           1 
   682 b8b3b2                      0                           1 
   683 b8b3b3                      0                           1 
   684 b8b3b4                      0                           1 
   685 b8b3b5                      0                           1 
   686 b8b3b6                      0                           1 
   687 b8b3b7                      0                           1 
   688 b8b3b8                      0                           1 
   689 b8b3b9                      0                           1 
   690 b8b3b10                     0                           1 
   691 b8b3b11                     0                           1 
   692 b8b3b12                     0                           1 
   693 b8b3b13                     0                           1 
   694 b8b3b14                     0                           1 
   695 b8b3b15                     1                           1 
   696 b8b3b16                     1                           1 
   697 b8b3b17                     0                           1 
   698 b8b3b18                     0                           1 
   699 b8b3b19                     0                           1 
   700 b8b3b20                     0                           1 
   701 b8b6b1                      0                           1 
   702 b8b6b2                      0                           1 
   703 b8b6b3                      0                           1 
   704 b8b6b4                      0                           1 
   705 b8b6b5                      0                           1 
   706 b8b6b6                      0                           1 
   707 b8b6b7                      0                           1 
   708 b8b6b8                      0                           1 
   709 b8b6b9                      0                           1 
   710 b8b6b10                     0                           1 
   711 b8b6b11                     0                           1 
   712 b8b6b12                     0                           1 
   713 b8b6b13                     0                           1 
   714 b8b6b14                     0                           1 
   715 b8b6b15                     1                           1 
   716 b8b6b16                     1                           1 
   717 b8b6b17                     0                           1 
   718 b8b6b18                     0                           1 
   719 b8b6b19                     0                           1 
   720 b8b6b20                     0                           1 
   721 b9b1b1                      0                           1 
   722 b9b1b2                      0                           1 
   723 b9b1b3                      0                           1 
   724 b9b1b4                      0                           1 
   725 b9b1b5                      0                           1 
   726 b9b1b6                      0                           1 
   727 b9b1b7                      0                           1 
   728 b9b1b8                      0                           1 
   729 b9b1b9                      0                           1 
   730 b9b1b10                     0                           1 
   731 b9b1b11                     0                           1 
   732 b9b1b12                     0                           1 
   733 b9b1b13                     0                           1 
   734 b9b1b14                     0                           1 
   735 b9b1b15                     1                           1 
   736 b9b1b16                     1                           1 
   737 b9b1b17                     0                           1 
   738 b9b1b18                     0                           1 
   739 b9b1b19                     0                           1 
   740 b9b1b20                     0                           1 
   741 b9b2b1                      0                           1 
   742 b9b2b2                      0                           1 
   743 b9b2b3                      0                           1 
   744 b9b2b4                      0                           1 
   745 b9b2b5                      0                           1 
   746 b9b2b6                      0                           1 
   747 b9b2b7                      0                           1 
   748 b9b2b8                      0                           1 
   749 b9b2b9                      0                           1 
   750 b9b2b10                     0                           1 
   751 b9b2b11                     0                           1 
   752 b9b2b12                     0                           1 
   753 b9b2b13                     0                           1 
   754 b9b2b14                     0                           1 
   755 b9b2b15                     1                           1 
   756 b9b2b16                     1                           1 
   757 b9b2b17                     0                           1 
   758 b9b2b18                     0                           1 
   759 b9b2b19                     0                           1 
   760 b9b2b20                     0                           1 
   761 b9b7b1                      0                           1 
   762 b9b7b2                      0                           1 
   763 b9b7b3                      0                           1 
   764 b9b7b4                      0                           1 
   765 b9b7b5                      0                           1 
   766 b9b7b6                      0                           1 
   767 b9b7b7                      0                           1 
   768 b9b7b8                      0                           1 
   769 b9b7b9                      0                           1 
   770 b9b7b10                     0                           1 
   771 b9b7b11                     0                           1 
   772 b9b7b12                     0                           1 
   773 b9b7b13                     0                           1 
   774 b9b7b14                     0                           1 
   775 b9b7b15                     1                           1 
   776 b9b7b16                     1                           1 
   777 b9b7b17                     0                           1 
   778 b9b7b18                     0                           1 
   779 b9b7b19                     0                           1 
   780 b9b7b20                     0                           1 
   781 b9b10b1                     0                           1 
   782 b9b10b2                     0                           1 
   783 b9b10b3                     0                           1 
   784 b9b10b4                     0                           1 
   785 b9b10b5                     0                           1 
   786 b9b10b6                     0                           1 
   787 b9b10b7                     0                           1 
   788 b9b10b8                     0                           1 
   789 b9b10b9                     0                           1 
   790 b9b10b10                    0                           1 
   791 b9b10b11                    0                           1 
   792 b9b10b12                    0                           1 
   793 b9b10b13                    0                           1 
   794 b9b10b14                    0                           1 
   795 b9b10b15                    1                           1 
   796 b9b10b16                    1                           1 
   797 b9b10b17                    0                           1 
   798 b9b10b18                    0                           1 
   799 b9b10b19                    0                           1 
   800 b9b10b20                    0                           1 
   801 b9b11b1                     0                           1 
   802 b9b11b2                     0                           1 
   803 b9b11b3                     0                           1 
   804 b9b11b4                     0                           1 
   805 b9b11b5                     0                           1 
   806 b9b11b6                     0                           1 
   807 b9b11b7                     0                           1 
   808 b9b11b8                     0                           1 
   809 b9b11b9                     0                           1 
   810 b9b11b10                    0                           1 
   811 b9b11b11                    0                           1 
   812 b9b11b12                    0                           1 
   813 b9b11b13                    0                           1 
   814 b9b11b14                    0                           1 
   815 b9b11b15                    1                           1 
   816 b9b11b16                    1                           1 
   817 b9b11b17                    0                           1 
   818 b9b11b18                    0                           1 
   819 b9b11b19                    0                           1 
   820 b9b11b20                    0                           1 
   821 b9b12b1                     0                           1 
   822 b9b12b2                     0                           1 
   823 b9b12b3                     0                           1 
   824 b9b12b4                     0                           1 
   825 b9b12b5                     0                           1 
   826 b9b12b6                     0                           1 
   827 b9b12b7                     0                           1 
   828 b9b12b8                     0                           1 
   829 b9b12b9                     0                           1 
   830 b9b12b10                    0                           1 
   831 b9b12b11                    0                           1 
   832 b9b12b12                    0                           1 
   833 b9b12b13                    0                           1 
   834 b9b12b14                    0                           1 
   835 b9b12b15                    1                           1 
   836 b9b12b16                    1                           1 
   837 b9b12b17                    0                           1 
   838 b9b12b18                    0                           1 
   839 b9b12b19                    0                           1 
   840 b9b12b20                    0                           1 
   841 b10b4b1                     0                           1 
   842 b10b4b2                     0                           1 
   843 b10b4b3                     0                           1 
   844 b10b4b4                     0                           1 
   845 b10b4b5                     0                           1 
   846 b10b4b6                     0                           1 
   847 b10b4b7                     0                           1 
   848 b10b4b8                     0                           1 
   849 b10b4b9                     0                           1 
   850 b10b4b10                    0                           1 
   851 b10b4b11                    0                           1 
   852 b10b4b12                    0                           1 
   853 b10b4b13                    0                           1 
   854 b10b4b14                    0                           1 
   855 b10b4b15                    1                           1 
   856 b10b4b16                    1                           1 
   857 b10b4b17                    0                           1 
   858 b10b4b18                    0                           1 
   859 b10b4b19                    0                           1 
   860 b10b4b20                    0                           1 
   861 b10b5b1                     0                           1 
   862 b10b5b2                     0                           1 
   863 b10b5b3                     0                           1 
   864 b10b5b4                     0                           1 
   865 b10b5b5                     0                           1 
   866 b10b5b6                     0                           1 
   867 b10b5b7                     0                           1 
   868 b10b5b8                     0                           1 
   869 b10b5b9                     0                           1 
   870 b10b5b10                    0                           1 
   871 b10b5b11                    0                           1 
   872 b10b5b12                    0                           1 
   873 b10b5b13                    0                           1 
   874 b10b5b14                    0                           1 
   875 b10b5b15                    1                           1 
   876 b10b5b16                    1                           1 
   877 b10b5b17                    0                           1 
   878 b10b5b18                    0                           1 
   879 b10b5b19                    0                           1 
   880 b10b5b20                    0                           1 
   881 b10b7b1                     0                           1 
   882 b10b7b2                     0                           1 
   883 b10b7b3                     0                           1 
   884 b10b7b4                     0                           1 
   885 b10b7b5                     0                           1 
   886 b10b7b6                     0                           1 
   887 b10b7b7                     0                           1 
   888 b10b7b8                     0                           1 
   889 b10b7b9                     0                           1 
   890 b10b7b10                    0                           1 
   891 b10b7b11                    0                           1 
   892 b10b7b12                    0                           1 
   893 b10b7b13                    0                           1 
   894 b10b7b14                    0                           1 
   895 b10b7b15                    1                           1 
   896 b10b7b16                    1                           1 
   897 b10b7b17                    0                           1 
   898 b10b7b18                    0                           1 
   899 b10b7b19                    0                           1 
   900 b10b7b20                    0                           1 
   901 b10b9b1                     0                           1 
   902 b10b9b2                     0                           1 
   903 b10b9b3                     0                           1 
   904 b10b9b4                     0                           1 
   905 b10b9b5                     0                           1 
   906 b10b9b6                     0                           1 
   907 b10b9b7                     0                           1 
   908 b10b9b8                     0                           1 
   909 b10b9b9                     0                           1 
   910 b10b9b10                    0                           1 
   911 b10b9b11                    0                           1 
   912 b10b9b12                    0                           1 
   913 b10b9b13                    0                           1 
   914 b10b9b14                    0                           1 
   915 b10b9b15                    1                           1 
   916 b10b9b16                    1                           1 
   917 b10b9b17                    0                           1 
   918 b10b9b18                    0                           1 
   919 b10b9b19                    0                           1 
   920 b10b9b20                    0                           1 
   921 b11b1b1                     0                           1 
   922 b11b1b2                     0                           1 
   923 b11b1b3                     0                           1 
   924 b11b1b4                     0                           1 
   925 b11b1b5                     0                           1 
   926 b11b1b6                     0                           1 
   927 b11b1b7                     0                           1 
   928 b11b1b8                     0                           1 
   929 b11b1b9                     0                           1 
   930 b11b1b10                    0                           1 
   931 b11b1b11                    0                           1 
   932 b11b1b12                    0                           1 
   933 b11b1b13                    0                           1 
   934 b11b1b14                    0                           1 
   935 b11b1b15                    1                           1 
   936 b11b1b16                    1                           1 
   937 b11b1b17                    0                           1 
   938 b11b1b18                    0                           1 
   939 b11b1b19                    0                           1 
   940 b11b1b20                    0                           1 
   941 b11b5b1                     0                           1 
   942 b11b5b2                     0                           1 
   943 b11b5b3                     0                           1 
   944 b11b5b4                     0                           1 
   945 b11b5b5                     0                           1 
   946 b11b5b6                     0                           1 
   947 b11b5b7                     0                           1 
   948 b11b5b8                     0                           1 
   949 b11b5b9                     0                           1 
   950 b11b5b10                    0                           1 
   951 b11b5b11                    0                           1 
   952 b11b5b12                    0                           1 
   953 b11b5b13                    0                           1 
   954 b11b5b14                    0                           1 
   955 b11b5b15                    1                           1 
   956 b11b5b16                    1                           1 
   957 b11b5b17                    0                           1 
   958 b11b5b18                    0                           1 
   959 b11b5b19                    0                           1 
   960 b11b5b20                    0                           1 
   961 b11b6b1                     0                           1 
   962 b11b6b2                     0                           1 
   963 b11b6b3                     0                           1 
   964 b11b6b4                     0                           1 
   965 b11b6b5                     0                           1 
   966 b11b6b6                     0                           1 
   967 b11b6b7                     0                           1 
   968 b11b6b8                     0                           1 
   969 b11b6b9                     0                           1 
   970 b11b6b10                    0                           1 
   971 b11b6b11                    0                           1 
   972 b11b6b12                    0                           1 
   973 b11b6b13                    0                           1 
   974 b11b6b14                    0                           1 
   975 b11b6b15                    1                           1 
   976 b11b6b16                    1                           1 
   977 b11b6b17                    0                           1 
   978 b11b6b18                    0                           1 
   979 b11b6b19                    0                           1 
   980 b11b6b20                    0                           1 
   981 b11b9b1                     0                           1 
   982 b11b9b2                     0                           1 
   983 b11b9b3                     0                           1 
   984 b11b9b4                     0                           1 
   985 b11b9b5                     0                           1 
   986 b11b9b6                     0                           1 
   987 b11b9b7                     0                           1 
   988 b11b9b8                     0                           1 
   989 b11b9b9                     0                           1 
   990 b11b9b10                    0                           1 
   991 b11b9b11                    0                           1 
   992 b11b9b12                    0                           1 
   993 b11b9b13                    0                           1 
   994 b11b9b14                    0                           1 
   995 b11b9b15                    1                           1 
   996 b11b9b16                    1                           1 
   997 b11b9b17                    0                           1 
   998 b11b9b18                    0                           1 
   999 b11b9b19                    0                           1 
  1000 b11b9b20                    0                           1 
  1001 b12b1b1                     0                           1 
  1002 b12b1b2                     0                           1 
  1003 b12b1b3                     0                           1 
  1004 b12b1b4                     0                           1 
  1005 b12b1b5                     0                           1 
  1006 b12b1b6                     0                           1 
  1007 b12b1b7                     0                           1 
  1008 b12b1b8                     0                           1 
  1009 b12b1b9                     0                           1 
  1010 b12b1b10                    0                           1 
  1011 b12b1b11                    0                           1 
  1012 b12b1b12                    0                           1 
  1013 b12b1b13                    0                           1 
  1014 b12b1b14                    0                           1 
  1015 b12b1b15                    1                           1 
  1016 b12b1b16                    1                           1 
  1017 b12b1b17                    0                           1 
  1018 b12b1b18                    0                           1 
  1019 b12b1b19                    0                           1 
  1020 b12b1b20                    0                           1 
  1021 b12b6b1                     0                           1 
  1022 b12b6b2                     0                           1 
  1023 b12b6b3                     0                           1 
  1024 b12b6b4                     0                           1 
  1025 b12b6b5                     0                           1 
  1026 b12b6b6                     0                           1 
  1027 b12b6b7                     0                           1 
  1028 b12b6b8                     0                           1 
  1029 b12b6b9                     0                           1 
  1030 b12b6b10                    0                           1 
  1031 b12b6b11                    0                           1 
  1032 b12b6b12                    0                           1 
  1033 b12b6b13                    0                           1 
  1034 b12b6b14                    0                           1 
  1035 b12b6b15                    1                           1 
  1036 b12b6b16                    1                           1 
  1037 b12b6b17                    0                           1 
  1038 b12b6b18                    0                           1 
  1039 b12b6b19                    0                           1 
  1040 b12b6b20                    0                           1 
  1041 b12b7b1                     0                           1 
  1042 b12b7b2                     0                           1 
  1043 b12b7b3                     0                           1 
  1044 b12b7b4                     0                           1 
  1045 b12b7b5                     0                           1 
  1046 b12b7b6                     0                           1 
  1047 b12b7b7                     0                           1 
  1048 b12b7b8                     0                           1 
  1049 b12b7b9                     0                           1 
  1050 b12b7b10                    0                           1 
  1051 b12b7b11                    0                           1 
  1052 b12b7b12                    0                           1 
  1053 b12b7b13                    0                           1 
  1054 b12b7b14                    0                           1 
  1055 b12b7b15                    1                           1 
  1056 b12b7b16                    1                           1 
  1057 b12b7b17                    0                           1 
  1058 b12b7b18                    0                           1 
  1059 b12b7b19                    0                           1 
  1060 b12b7b20                    0                           1 
  1061 b12b9b1                     0                           1 
  1062 b12b9b2                     0                           1 
  1063 b12b9b3                     0                           1 
  1064 b12b9b4                     0                           1 
  1065 b12b9b5                     0                           1 
  1066 b12b9b6                     0                           1 
  1067 b12b9b7                     0                           1 
  1068 b12b9b8                     0                           1 
  1069 b12b9b9                     0                           1 
  1070 b12b9b10                    0                           1 
  1071 b12b9b11                    0                           1 
  1072 b12b9b12                    0                           1 
  1073 b12b9b13                    0                           1 
  1074 b12b9b14                    0                           1 
  1075 b12b9b15                    1                           1 
  1076 b12b9b16                    1                           1 
  1077 b12b9b17                    0                           1 
  1078 b12b9b18                    0                           1 
  1079 b12b9b19                    0                           1 
  1080 b12b9b20                    0                           1 
  1081 c1                          1             1             = 
  1082 c2                          1             1             = 
  1083 c3                          1             1             = 
  1084 c4                          1             1             = 
  1085 c5                          1             1             = 
  1086 c6                          1             1             = 
  1087 c7                          1             1             = 
  1088 c8                          1             1             = 
  1089 c9                          1             1             = 
  1090 c10                         1             1             = 
  1091 c11                         1             1             = 
  1092 c12                         1             1             = 
  1093 d1                          0                           7 
  1094 d2                          0                           9 
  1095 d3                          0                           8 
  1096 d4                          0                           5 
  1097 d5                          0                           6 
  1098 d6                          0                           5 
  1099 d7                          0                           3 
  1100 d8                          0                           9 
  1101 d9                          0                           9 
  1102 d10                         0                           3 
  1103 d11                         0                           4 
  1104 d12                         0                           6 
  1105 d13                         0                           6 
  1106 d14                         0                           7 
  1107 d15                         6                           6 
  1108 d16                         6                           9 
  1109 d17                         0                           9 
  1110 d18                         0                           4 
  1111 d19                         0                           3 
  1112 d20                         0                           9 

   No. Column name       Activity     Lower bound   Upper bound
------ ------------    ------------- ------------- -------------
     1 x1           *              0             0             1 
     2 x2           *              0             0             1 
     3 x3           *              0             0             1 
     4 x4           *              0             0             1 
     5 x5           *              0             0             1 
     6 x6           *              0             0             1 
     7 x7           *              0             0             1 
     8 x8           *              0             0             1 
     9 x9           *              0             0             1 
    10 x10          *              0             0             1 
    11 x11          *              0             0             1 
    12 x12          *              0             0             1 
    13 x13          *              0             0             1 
    14 x14          *              0             0             1 
    15 x15          *              1             0             1 
    16 x16          *              1             0             1 
    17 x17          *              0             0             1 
    18 x18          *              0             0             1 
    19 x19          *              0             0             1 
    20 x20          *              0             0             1 
    21 y1,1         *              0             0             1 
    22 y1,2         *              0             0             1 
    23 y1,3         *              0             0             1 
    24 y1,4         *              0             0             1 
    25 y1,5         *              0             0             1 
    26 y1,6         *              0             0             1 
    27 y1,7         *              0             0             1 
    28 y1,8         *              0             0             1 
    29 y1,9         *              0             0             1 
    30 y1,10        *              0             0             1 
    31 y1,11        *              0             0             1 
    32 y1,12        *              0             0             1 
    33 y1,13                       0             0               
    34 y1,14                       0             0               
    35 y1,15                     0.5             0               
    36 y1,16                     0.5             0               
    37 y1,17                       0             0               
    38 y1,18                       0             0               
    39 y1,19                       0             0               
    40 y1,20                       0             0               
    41 y2,1         *              0             0             1 
    42 y2,2         *              0             0             1 
    43 y2,3         *              0             0             1 
    44 y2,4         *              0             0             1 
    45 y2,5         *              0             0             1 
    46 y2,6         *              0             0             1 
    47 y2,7         *              0             0             1 
    48 y2,8         *              0             0             1 
    49 y2,9         *              0             0             1 
    50 y2,10        *              0             0             1 
    51 y2,11        *              0             0             1 
    52 y2,12        *              0             0             1 
    53 y2,13                       0             0               
    54 y2,14                       0             0               
    55 y2,15                     0.5             0               
    56 y2,16                     0.5             0               
    57 y2,17                       0             0               
    58 y2,18                       0             0               
    59 y2,19                       0             0               
    60 y2,20                       0             0               
    61 y3,1         *              0             0             1 
    62 y3,2         *              0             0             1 
    63 y3,3         *              0             0             1 
    64 y3,4         *              0             0             1 
    65 y3,5         *              0             0             1 
    66 y3,6         *              0             0             1 
    67 y3,7         *              0             0             1 
    68 y3,8         *              0             0             1 
    69 y3,9         *              0             0             1 
    70 y3,10        *              0             0             1 
    71 y3,11        *              0             0             1 
    72 y3,12        *              0             0             1 
    73 y3,13                       0             0               
    74 y3,14                       0             0               
    75 y3,15                     0.5             0               
    76 y3,16                     0.5             0               
    77 y3,17                       0             0               
    78 y3,18                       0             0               
    79 y3,19                       0             0               
    80 y3,20                       0             0               
    81 y4,1         *              0             0             1 
    82 y4,2         *              0             0             1 
    83 y4,3         *              0             0             1 
    84 y4,4         *              0             0             1 
    85 y4,5         *              0             0             1 
    86 y4,6         *              0             0             1 
    87 y4,7         *              0             0             1 
    88 y4,8         *              0             0             1 
    89 y4,9         *              0             0             1 
    90 y4,10        *              0             0             1 
    91 y4,11        *              0             0             1 
    92 y4,12        *              0             0             1 
    93 y4,13                       0             0               
    94 y4,14                       0             0               
    95 y4,15                     0.5             0               
    96 y4,16                     0.5             0               
    97 y4,17                       0             0               
    98 y4,18                       0             0               
    99 y4,19                       0             0               
   100 y4,20                       0             0               
   101 y5,1         *              0             0             1 
   102 y5,2         *              0             0             1 
   103 y5,3         *              0             0             1 
   104 y5,4         *              0             0             1 
   105 y5,5         *              0             0             1 
   106 y5,6         *              0             0             1 
   107 y5,7         *              0             0             1 
   108 y5,8         *              0             0             1 
   109 y5,9         *              0             0             1 
   110 y5,10        *              0             0             1 
   111 y5,11        *              0             0             1 
   112 y5,12        *              0             0             1 
   113 y5,13                       0             0               
   114 y5,14                       0             0               
   115 y5,15                     0.5             0               
   116 y5,16                     0.5             0               
   117 y5,17                       0             0               
   118 y5,18                       0             0               
   119 y5,19                       0             0               
   120 y5,20                       0             0               
   121 y6,1         *              0             0             1 
   122 y6,2         *              0             0             1 
   123 y6,3         *              0             0             1 
   124 y6,4         *              0             0             1 
   125 y6,5         *              0             0             1 
   126 y6,6         *              0             0             1 
   127 y6,7         *              0             0             1 
   128 y6,8         *              0             0             1 
   129 y6,9         *              0             0             1 
   130 y6,10        *              0             0             1 
   131 y6,11        *              0             0             1 
   132 y6,12        *              0             0             1 
   133 y6,13                       0             0               
   134 y6,14                       0             0               
   135 y6,15                     0.5             0               
   136 y6,16                     0.5             0               
   137 y6,17                       0             0               
   138 y6,18                       0             0               
   139 y6,19                       0             0               
   140 y6,20                       0             0               
   141 y7,1         *              0             0             1 
   142 y7,2         *              0             0             1 
   143 y7,3         *              0             0             1 
   144 y7,4         *              0             0             1 
   145 y7,5         *              0             0             1 
   146 y7,6         *              0             0             1 
   147 y7,7         *              0             0             1 
   148 y7,8         *              0             0             1 
   149 y7,9         *              0             0             1 
   150 y7,10        *              0             0             1 
   151 y7,11        *              0             0             1 
   152 y7,12        *              0             0             1 
   153 y7,13                       0             0               
   154 y7,14                       0             0               
   155 y7,15                     0.5             0               
   156 y7,16                     0.5             0               
   157 y7,17                       0             0               
   158 y7,18                       0             0               
   159 y7,19                       0             0               
   160 y7,20                       0             0               
   161 y8,1         *              0             0             1 
   162 y8,2         *              0             0             1 
   163 y8,3         *              0             0             1 
   164 y8,4         *              0             0             1 
   165 y8,5         *              0             0             1 
   166 y8,6         *              0             0             1 
   167 y8,7         *              0             0             1 
   168 y8,8         *              0             0             1 
   169 y8,9         *              0             0             1 
   170 y8,10        *              0             0             1 
   171 y8,11        *              0             0             1 
   172 y8,12        *              0             0             1 
   173 y8,13                       0             0               
   174 y8,14                       0             0               
   175 y8,15                     0.5             0               
   176 y8,16                     0.5             0               
   177 y8,17                       0             0               
   178 y8,18                       0             0               
   179 y8,19                       0             0               
   180 y8,20                       0             0               
   181 y9,1         *              0             0             1 
   182 y9,2         *              0             0             1 
   183 y9,3         *              0             0             1 
   184 y9,4         *              0             0             1 
   185 y9,5         *              0             0             1 
   186 y9,6         *              0             0             1 
   187 y9,7         *              0             0             1 
   188 y9,8         *              0             0             1 
   189 y9,9         *              0             0             1 
   190 y9,10        *              0             0             1 
   191 y9,11        *              0             0             1 
   192 y9,12        *              0             0             1 
   193 y9,13                       0             0               
   194 y9,14                       0             0               
   195 y9,15                     0.5             0               
   196 y9,16                     0.5             0               
   197 y9,17                       0             0               
   198 y9,18                       0             0               
   199 y9,19                       0             0               
   200 y9,20                       0             0               
   201 y10,1        *              0             0             1 
   202 y10,2        *              0             0             1 
   203 y10,3        *              0             0             1 
   204 y10,4        *              0             0             1 
   205 y10,5        *              0             0             1 
   206 y10,6        *              0             0             1 
   207 y10,7        *              0             0             1 
   208 y10,8        *              0             0             1 
   209 y10,9        *              0             0             1 
   210 y10,10       *              0             0             1 
   211 y10,11       *              0             0             1 
   212 y10,12       *              0             0             1 
   213 y10,13                      0             0               
   214 y10,14                      0             0               
   215 y10,15                    0.5             0               
   216 y10,16                    0.5             0               
   217 y10,17                      0             0               
   218 y10,18                      0             0               
   219 y10,19                      0             0               
   220 y10,20                      0             0               
   221 y11,1        *              0             0             1 
   222 y11,2        *              0             0             1 
   223 y11,3        *              0             0             1 
   224 y11,4        *              0             0             1 
   225 y11,5        *              0             0             1 
   226 y11,6        *              0             0             1 
   227 y11,7        *              0             0             1 
   228 y11,8        *              0             0             1 
   229 y11,9        *              0             0             1 
   230 y11,10       *              0             0             1 
   231 y11,11       *              0             0             1 
   232 y11,12       *              0             0             1 
   233 y11,13                      0             0               
   234 y11,14                      0             0               
   235 y11,15                    0.5             0               
   236 y11,16                    0.5             0               
   237 y11,17                      0             0               
   238 y11,18                      0             0               
   239 y11,19                      0             0               
   240 y11,20                      0             0               
   241 y12,1        *              0             0             1 
   242 y12,2        *              0             0             1 
   243 y12,3        *              0             0             1 
   244 y12,4        *              0             0             1 
   245 y12,5        *              0             0             1 
   246 y12,6        *              0             0             1 
   247 y12,7        *              0             0             1 
   248 y12,8        *              0             0             1 
   249 y12,9        *              0             0             1 
   250 y12,10       *              0             0             1 
   251 y12,11       *              0             0             1 
   252 y12,12       *              0             0             1 
   253 y12,13                      0             0               
   254 y12,14                      0             0               
   255 y12,15                    0.5             0               
   256 y12,16                    0.5             0               
   257 y12,17                      0             0               
   258 y12,18                      0             0               
   259 y12,19                      0             0               
   260 y12,20                      0             0               
   261 y13,1        *              0             0             1 
   262 y13,2        *              0             0             1 
   263 y13,3        *              0             0             1 
   264 y13,4        *              0             0             1 
   265 y13,5        *              0             0             1 
   266 y13,6        *              0             0             1 
   267 y13,7        *              0             0             1 
   268 y13,8        *              0             0             1 
   269 y13,9        *              0             0             1 
   270 y13,10       *              0             0             1 
   271 y13,11       *              0             0             1 
   272 y13,12       *              0             0             1 
   273 y14,1        *              0             0             1 
   274 y14,2        *              0             0             1 
   275 y14,3        *              0             0             1 
   276 y14,4        *              0             0             1 
   277 y14,5        *              0             0             1 
   278 y14,6        *              0             0             1 
   279 y14,7        *              0             0             1 
   280 y14,8        *              0             0             1 
   281 y14,9        *              0             0             1 
   282 y14,10       *              0             0             1 
   283 y14,11       *              0             0             1 
   284 y14,12       *              0             0             1 
   285 y15,1        *              0             0             1 
   286 y15,2        *              0             0             1 
   287 y15,3        *              0             0             1 
   288 y15,4        *              0             0             1 
   289 y15,5        *              0             0             1 
   290 y15,6        *              0             0             1 
   291 y15,7        *              0             0             1 
   292 y15,8        *              0             0             1 
   293 y15,9        *              0             0             1 
   294 y15,10       *              0             0             1 
   295 y15,11       *              0             0             1 
   296 y15,12       *              0             0             1 
   297 y16,1        *              0             0             1 
   298 y16,2        *              0             0             1 
   299 y16,3        *              0             0             1 
   300 y16,4        *              0             0             1 
   301 y16,5        *              0             0             1 
   302 y16,6        *              0             0             1 
   303 y16,7        *              0             0             1 
   304 y16,8        *              0             0             1 
   305 y16,9        *              0             0             1 
   306 y16,10       *              0             0             1 
   307 y16,11       *              0             0             1 
   308 y16,12       *              0             0             1 
   309 y17,1        *              0             0             1 
   310 y17,2        *              0             0             1 
   311 y17,3        *              0             0             1 
   312 y17,4        *              0             0             1 
   313 y17,5        *              0             0             1 
   314 y17,6        *              0             0             1 
   315 y17,7        *              0             0             1 
   316 y17,8        *              0             0             1 
   317 y17,9        *              0             0             1 
   318 y17,10       *              0             0             1 
   319 y17,11       *              0             0             1 
   320 y17,12       *              0             0             1 
   321 y18,1        *              0             0             1 
   322 y18,2        *              0             0             1 
   323 y18,3        *              0             0             1 
   324 y18,4        *              0             0             1 
   325 y18,5        *              0             0             1 
   326 y18,6        *              0             0             1 
   327 y18,7        *              0             0             1 
   328 y18,8        *              0             0             1 
   329 y18,9        *              0             0             1 
   330 y18,10       *              0             0             1 
   331 y18,11       *              0             0             1 
   332 y18,12       *              0             0             1 
   333 y19,1        *              0             0             1 
   334 y19,2        *              0             0             1 
   335 y19,3        *              0             0             1 
   336 y19,4        *              0             0             1 
   337 y19,5        *              0             0             1 
   338 y19,6        *              0             0             1 
   339 y19,7        *              0             0             1 
   340 y19,8        *              0             0             1 
   341 y19,9        *              0             0             1 
   342 y19,10       *              0             0             1 
   343 y19,11       *              0             0             1 
   344 y19,12       *              0             0             1 
   345 y20,1        *              0             0             1 
   346 y20,2        *              0             0             1 
   347 y20,3        *              0             0             1 
   348 y20,4        *              0             0             1 
   349 y20,5        *              0             0             1 
   350 y20,6        *              0             0             1 
   351 y20,7        *              0             0             1 
   352 y20,8        *              0             0             1 
   353 y20,9        *              0             0             1 
   354 y20,10       *              0             0             1 
   355 y20,11       *              0             0             1 
   356 y20,12       *              0             0             1 

Integer feasibility conditions:

KKT.PE: max.abs.err = 0.00e+00 on row 0
        max.rel.err = 0.00e+00 on row 0
        High quality

KKT.PB: max.abs.err = 2.00e-15 on row 275
        max.rel.err = 9.99e-16 on row 275
        High quality

End of output
