80 70
50 10
50 10
20 4
18 3
49 7
56 8
80 10
48 8
81 9
80 10
35 7
64 8
72 8
40 5
60 12
50 10
36 4
24 4
35 7
54 9
54 9
48 6
49 7
36 4
21 3
42 6
36 4
50 10
36 4
32 4
25 5
35 7
63 7
36 4
50 10
63 9
72 8
28 4
54 6
64 8
80 10
56 7
35 7
27 3
42 7
24 3
36 4
40 5
36 4
54 9
48 6
56 8
54 9
36 4
27 3
63 7
60 10
28 4
49 7
24 4
35 5
72 9
40 8
24 4
49 7
72 9
42 6
21 3
45 5
30 5
21 3
30 5
70 10
40 5
49 7
54 6
35 7
35 5
35 5
80 10
20 2 5 8 12 14 18 19 22 30 41 42 44 45 46 48 50 54 58 59 62
22 2 3 9 10 13 14 23 24 25 44 47 53 54 55 56 58 60 61 62 63 66 67
17 8 9 10 12 24 29 31 34 36 37 39 42 45 46 59 63 64
18 6 10 12 15 19 22 31 32 37 39 44 50 51 52 55 59 64 65
22 6 9 15 17 21 24 26 27 34 39 41 42 46 48 49 54 57 58 60 61 67 68
13 20 25 26 29 31 37 38 39 43 47 48 59 61
16 16 17 21 24 25 26 45 46 47 48 49 51 54 56 65 69
12 20 22 24 25 41 43 44 45 46 49 51 63
20 9 20 22 24 25 33 37 38 40 41 44 47 51 52 56 57 60 63 66 67
21 12 18 19 21 22 23 25 31 35 36 37 38 41 43 48 50 56 58 65 66 67
16 13 15 24 26 28 30 39 42 48 55 56 57 60 61 68 69
14 15 23 28 29 31 38 39 42 43 55 57 60 63 64
14 14 18 23 37 38 40 50 52 53 59 61 67 68 69
16 23 26 34 36 39 40 43 47 48 52 53 55 59 60 63 66
15 19 29 30 31 32 33 36 39 42 43 53 55 56 63 65
10 25 39 41 42 53 60 62 64 65 66
17 19 21 22 24 29 30 32 33 38 44 48 55 58 61 65 67 69
12 26 36 42 47 49 51 53 56 57 62 68 69
17 21 27 31 35 36 38 39 40 49 53 54 55 57 59 64 65 69
17 21 25 28 32 33 41 42 45 46 49 50 51 52 57 59 60 62
13 25 29 32 35 40 48 49 53 54 55 56 65 68
18 30 31 33 34 37 39 41 45 46 47 49 52 61 62 65 67 68 69
17 24 30 33 38 40 42 43 46 47 48 54 55 56 62 63 64 68
15 30 33 40 41 42 46 48 49 51 53 59 61 63 66 67
9 26 27 31 38 41 44 46 57 67
18 26 32 35 40 42 44 46 47 49 50 51 54 58 61 62 63 68 69
16 29 31 32 36 40 45 47 52 53 58 60 62 65 67 68 69
9 29 31 45 47 53 58 60 65 67
8 31 39 40 42 47 50 52 56
9 33 35 48 50 53 55 59 60 61
9 32 45 49 52 53 55 57 64 67
13 33 34 35 36 41 47 48 49 50 57 59 60 68
13 34 43 46 47 48 49 52 53 55 57 59 60 66
14 34 36 38 40 44 45 54 55 56 60 61 62 64 66
6 37 39 49 50 58 59
9 42 45 47 48 54 56 62 63 65
9 37 39 41 46 54 56 58 67 69
9 38 41 49 53 54 58 62 65 67
12 39 48 51 52 57 59 60 61 64 66 68 69
7 49 52 53 56 62 65 67
6 55 57 60 63 67 69
10 48 53 54 57 59 61 63 65 66 67
8 44 62 63 64 65 67 68 69
6 45 46 49 51 52 54
9 48 52 55 61 63 64 66 68 69
7 52 54 55 57 59 61 63
7 48 49 56 58 61 62 68
9 53 54 58 60 62 65 66 67 69
7 49 50 51 60 63 65 66
5 51 57 60 61 67
6 51 52 60 63 66 69
7 52 53 55 56 61 68 69
7 53 56 61 62 64 68 69
4 63 64 65 66
4 55 57 58 62
3 58 59 63
1 69
4 58 61 66 68
1 68
3 64 66 68
4 62 63 67 68
1 66
1 66
2 66 67
2 65 68
2 68 69
0
0
0
0
