50 40
45 9
54 9
32 4
21 3
54 9
15 3
32 4
24 4
60 10
42 6
28 4
32 4
35 7
35 7
56 8
50 10
50 10
20 4
18 3
49 7
56 8
80 10
48 8
81 9
80 10
35 7
64 8
72 8
40 5
35 5
36 4
30 6
63 9
30 5
81 9
72 8
36 6
24 4
63 7
64 8
36 4
56 7
50 10
18 3
30 5
27 3
30 6
64 8
18 3
15 3
12 2 4 11 13 15 24 27 32 33 34 37 38
9 10 11 12 20 23 26 27 28 39
14 7 9 13 16 17 19 20 21 25 26 27 32 34 36
14 5 11 12 13 14 16 21 25 26 30 33 34 35 39
15 5 6 7 8 10 11 14 15 17 22 25 29 33 34 37
7 6 7 10 17 22 33 38
4 19 31 32 37
4 9 23 31 38
6 9 14 24 29 30 37
10 10 11 12 17 28 29 30 34 35 39
5 12 23 24 26 36
10 12 14 16 17 21 22 24 31 32 35
6 14 17 25 32 38 39
9 16 17 20 27 33 35 37 38 39
8 18 25 27 30 32 33 35 39
4 34 35 38 39
8 18 23 25 27 28 33 34 35
2 18 26
7 19 20 25 27 29 34 38
6 20 27 29 34 38 39
7 22 27 29 31 33 36 37
7 23 28 30 33 35 36 39
6 25 27 28 35 36 38
3 28 31 34
4 28 33 34 37
5 26 29 32 37 39
4 28 30 35 39
1 34
5 29 31 33 35 37
3 36 37 38
1 32
1 33
0
1 39
1 36
0
0
1 39
0
0
