90 70
50 10
20 4
18 3
117 13
72 9
40 8
63 9
18 3
63 7
28 4
15 3
72 8
24 4
20 4
50 10
36 4
24 4
35 7
54 9
54 9
48 6
49 7
36 4
21 3
42 6
36 4
50 10
36 4
32 4
25 5
35 7
63 7
36 4
50 10
63 9
72 8
28 4
54 6
64 8
80 10
56 7
35 7
27 3
42 7
24 3
36 4
40 5
36 4
54 9
48 6
56 8
54 9
36 4
27 3
63 7
60 10
28 4
49 7
24 4
35 5
72 9
40 8
24 4
49 7
72 9
42 6
21 3
45 5
30 5
21 3
30 5
70 10
40 5
49 7
54 6
35 7
35 5
35 5
80 10
35 5
48 8
36 4
60 10
70 10
40 8
24 3
72 9
36 6
35 5
49 7
20 3 7 13 20 31 32 35 37 39 42 45 47 50 57 58 61 62 65 68 69
12 5 11 13 15 20 32 37 47 53 60 62 66
25 3 5 6 9 11 12 15 21 25 28 30 31 32 34 36 39 40 41 42 45 51 56 58 60 63
22 5 10 16 23 24 28 31 39 41 42 44 45 46 49 50 51 52 55 57 58 60 61
12 6 9 26 29 38 43 47 50 52 60 63 69
18 6 9 18 20 28 29 30 39 41 42 44 50 52 55 58 61 66 68
16 16 25 29 34 40 41 42 49 52 54 55 56 61 62 64 68
16 12 17 18 24 27 30 31 32 46 47 54 55 63 64 66 68
18 9 12 18 19 20 24 31 32 35 37 40 41 52 56 57 62 67 68
18 10 13 15 19 21 23 30 33 34 41 48 51 52 54 56 59 63 66
13 19 22 27 30 31 33 38 39 40 44 48 54 66
15 22 25 34 40 43 46 47 48 51 52 55 61 65 66 67
14 16 17 20 23 25 32 36 37 38 43 46 48 54 68
11 20 22 35 47 48 49 53 64 65 68 69
19 17 20 30 32 33 36 38 41 42 44 45 47 50 52 54 55 59 62 63
16 16 22 27 35 37 45 46 48 50 53 56 57 58 60 61 66
12 22 23 29 37 41 45 46 51 54 56 58 61
20 19 21 22 23 24 25 26 29 34 37 44 45 46 48 52 53 55 56 59 62
16 21 23 24 27 37 40 43 45 46 50 51 52 54 60 62 66
11 21 22 23 24 29 45 49 55 60 63 67
16 21 23 26 27 28 31 35 36 47 50 51 52 53 63 65 69
8 30 35 42 46 52 59 64 65
11 39 44 46 47 48 49 51 56 66 68 69
19 24 29 32 33 35 36 37 38 40 41 47 48 49 52 58 59 62 66 69
18 25 26 27 28 29 34 36 37 40 44 45 48 57 58 59 60 62 64
8 36 46 49 54 55 57 65 67
13 31 35 36 37 43 47 48 54 57 59 60 66 68
12 28 29 35 37 38 39 43 45 62 64 65 67
14 31 34 37 38 40 49 51 52 53 54 56 59 63 68
9 30 43 47 48 50 51 54 56 62
13 31 34 35 36 40 52 53 55 56 60 61 62 66
8 32 33 37 42 48 53 58 64
15 36 39 40 42 45 47 52 53 55 59 61 63 64 67 68
9 34 38 43 50 51 55 57 64 68
7 37 39 42 43 51 61 68
12 38 39 47 48 51 57 60 63 64 65 66 67
10 44 45 53 54 55 56 57 61 67 69
11 38 46 47 50 60 61 64 66 67 68 69
13 40 41 42 44 48 50 52 53 56 58 62 64 66
8 40 42 50 56 59 60 62 63
9 45 48 51 53 54 59 61 66 67
11 45 46 48 51 54 61 62 66 67 68 69
9 44 46 49 52 53 58 59 64 68
12 45 46 47 50 51 52 55 56 58 60 64 69
5 48 52 59 66 69
5 47 57 59 65 69
7 47 52 57 58 59 65 67
4 54 56 60 63
3 50 55 61
2 55 64
6 53 54 58 61 63 66
6 52 59 62 64 65 66
7 53 54 56 60 61 64 68
5 57 58 59 66 67
7 57 61 64 65 66 68 69
5 56 60 63 64 66
4 57 62 66 68
5 58 61 62 65 67
4 60 62 64 68
4 60 63 64 67
3 62 65 68
5 62 63 65 66 67
0
4 65 66 68 69
0
1 69
2 67 68
2 68 69
1 69
0
