100 80
81 9
126 14
28 4
15 3
72 8
24 4
20 4
50 10
36 4
24 4
35 7
54 9
54 9
48 6
49 7
36 4
21 3
42 6
36 4
50 10
36 4
32 4
25 5
35 7
63 7
36 4
50 10
63 9
72 8
28 4
54 6
64 8
80 10
56 7
35 7
27 3
42 7
24 3
36 4
40 5
36 4
54 9
48 6
56 8
54 9
36 4
27 3
63 7
60 10
28 4
49 7
24 4
35 5
72 9
40 8
24 4
49 7
72 9
42 6
21 3
45 5
30 5
21 3
30 5
70 10
40 5
49 7
54 6
35 7
35 5
35 5
80 10
35 5
48 8
36 4
60 10
70 10
40 8
24 3
72 9
36 6
35 5
49 7
63 9
72 9
25 5
30 6
54 9
90 10
30 6
36 4
54 6
30 6
50 10
21 3
30 5
54 9
63 7
20 4
25 5
24 1 3 7 22 29 32 34 36 40 43 44 46 48 53 59 64 65 66 68 69 73 75 77 79
20 3 4 7 12 16 19 22 25 32 35 42 46 47 49 52 55 56 58 62 63
17 12 21 23 25 29 31 32 34 45 47 57 59 60 61 62 75 77
19 5 9 14 16 17 18 23 24 35 37 43 44 47 50 58 66 72 75 76
22 6 9 16 17 18 23 26 28 29 31 33 36 38 39 46 50 57 58 59 61 64 75
22 17 18 20 28 29 37 40 43 47 51 54 56 57 59 63 64 71 75 76 77 78 79
21 8 13 14 15 20 25 29 48 51 55 58 59 61 64 67 70 72 74 75 76 77
17 9 10 27 28 34 36 37 46 51 53 55 60 66 69 72 76 78
22 9 12 15 20 21 23 26 34 36 44 47 51 53 54 61 63 64 65 66 72 76 78
14 17 19 22 30 32 36 39 48 60 61 68 69 70 74
24 13 17 19 20 24 26 35 36 39 42 46 47 48 50 51 53 54 56 58 62 64 69 76 78
23 17 19 20 21 23 27 28 29 33 34 38 41 42 51 53 59 60 62 64 66 72 73 76
14 14 18 19 20 28 41 44 48 49 50 61 63 67 76
17 17 27 31 42 43 46 49 51 52 53 56 58 59 61 62 68 73
14 20 22 26 32 34 35 39 45 47 56 67 71 72 78
26 21 22 23 24 25 28 30 33 34 35 36 38 41 43 46 48 52 53 54 55 60 64 66 68 70 78
19 17 21 27 32 33 35 36 37 39 40 44 51 57 64 71 73 75 76 79
14 29 30 35 42 43 44 49 50 52 54 57 58 78 79
17 21 27 29 34 36 38 39 40 42 45 47 53 54 56 65 73 74
17 30 33 36 38 41 43 44 45 49 50 51 54 55 60 67 68 74
21 23 26 29 30 33 36 37 38 40 41 45 51 52 61 63 66 68 71 72 73 77
18 23 26 29 30 31 35 37 40 43 46 50 55 68 72 75 76 77 78
14 25 27 30 43 51 55 61 64 65 66 67 71 77 79
19 26 28 35 36 40 45 46 47 50 51 53 54 62 63 66 67 69 73 78
20 32 39 40 44 45 46 47 57 59 60 61 64 67 68 69 70 73 75 77 79
11 29 34 39 51 57 64 66 73 74 76 78
13 29 36 37 38 54 59 61 66 71 72 77 78 79
10 30 35 45 57 58 60 64 67 72 74
19 29 30 33 35 37 39 41 44 52 55 57 62 63 64 67 68 69 74 79
15 32 39 49 50 54 55 56 59 61 62 66 68 74 76 78
20 37 38 42 45 47 50 51 52 55 57 59 60 62 65 69 70 73 76 77 78
9 32 37 39 52 54 57 60 64 69
15 38 39 40 42 44 51 52 58 60 62 63 64 69 70 71
11 36 37 43 44 49 57 61 62 67 74 78
18 37 38 39 43 45 46 50 51 53 61 63 65 70 72 76 77 78 79
13 38 39 41 43 46 50 53 55 58 60 66 77 78
12 37 41 43 44 45 46 50 52 62 66 70 74
17 39 43 44 45 46 47 48 49 53 54 56 60 64 65 72 74 78
11 42 43 44 46 49 52 53 60 62 66 71
9 40 42 44 49 58 61 66 68 70
10 46 47 51 52 65 66 67 72 73 79
13 50 55 57 58 61 62 65 66 68 69 70 74 77
14 44 46 48 50 52 54 55 57 58 59 63 71 74 79
13 44 45 49 55 60 62 63 65 68 70 73 74 75
7 50 51 54 58 67 72 75
12 48 51 53 54 59 68 70 71 73 75 78 79
9 48 51 56 58 59 65 66 67 75
5 51 57 60 61 68
14 49 54 57 60 62 64 66 67 71 72 74 76 78 79
8 55 56 63 72 73 74 78 79
10 51 52 56 58 61 64 68 69 71 75
6 53 55 61 71 72 75
7 53 55 57 65 69 78 79
4 67 68 71 75
8 59 62 67 68 69 71 74 77
9 62 65 68 69 71 72 74 78 79
4 61 69 72 78
9 58 59 61 63 64 70 71 77 79
7 64 65 70 72 74 77 78
6 67 68 69 72 75 76
9 61 63 65 66 67 70 74 75 78
5 65 67 71 78 79
4 64 67 71 76
4 69 72 77 79
5 66 70 72 73 75
3 69 70 76
5 67 71 74 75 77
3 71 75 79
3 71 77 79
2 74 78
3 72 76 78
3 75 78 79
1 73
3 76 78 79
0
0
2 78 79
0
1 79
0
