70 60
28 4
32 4
35 7
91 13
18 3
21 3
63 7
64 8
32 4
36 4
72 9
40 8
63 9
18 3
63 7
28 4
15 3
72 8
24 4
20 4
50 10
36 4
24 4
35 7
54 9
54 9
48 6
49 7
36 4
21 3
42 6
36 4
50 10
36 4
32 4
25 5
35 7
63 7
36 4
50 10
63 9
72 8
28 4
54 6
64 8
80 10
56 7
35 7
27 3
42 7
24 3
36 4
40 5
36 4
54 9
48 6
56 8
54 9
36 4
27 3
63 7
60 10
28 4
49 7
24 4
35 5
72 9
40 8
24 4
49 7
12 5 9 12 17 23 24 27 36 53 55 58 59
17 2 5 8 12 19 21 25 26 28 30 33 41 49 50 51 53 59
14 4 7 11 14 32 33 36 39 41 46 47 52 53 55
14 4 5 7 10 23 25 32 35 37 39 45 47 48 54
19 5 9 10 11 14 15 25 26 27 30 33 41 43 45 46 48 49 57 58
15 8 14 20 25 27 33 34 38 40 44 47 48 50 56 57
14 8 12 15 16 28 29 30 32 36 42 44 45 46 52
12 15 23 25 28 29 31 34 38 49 52 53 54
18 12 14 17 20 23 24 26 36 37 44 46 48 50 52 53 54 56 59
14 11 12 21 23 24 26 33 34 41 48 49 54 58 59
15 12 24 32 34 36 37 39 45 46 47 50 53 54 55 56
12 16 24 29 31 34 35 40 42 45 46 50 59
16 14 16 18 19 22 26 28 30 33 34 42 44 52 55 58 59
9 18 22 31 32 40 44 54 57 58
9 20 21 22 26 27 39 47 50 59
12 16 27 32 36 37 40 43 49 51 54 56 59
11 21 23 26 27 31 33 37 41 42 48 58
10 31 32 34 39 43 49 52 56 57 59
13 19 22 25 31 32 34 37 38 39 42 47 49 56
10 20 22 28 32 39 43 47 55 56 57
12 22 27 29 39 41 42 43 44 50 51 55 57
5 35 37 52 53 58
12 24 30 34 35 36 37 43 46 48 52 53 55
13 24 30 35 38 41 43 45 46 47 51 53 55 56
12 27 28 29 38 40 41 46 47 50 51 53 59
10 32 34 37 41 45 46 47 51 55 59
8 31 36 39 42 46 47 53 56
11 30 31 36 38 39 42 46 53 54 55 57
7 38 40 48 49 52 57 58
10 31 39 40 47 49 53 54 55 56 57
10 35 36 39 42 44 45 47 49 52 59
13 36 39 41 42 43 44 45 48 49 54 55 56 59
6 33 37 46 48 49 53
2 42 47
9 38 39 40 42 45 49 51 54 57
7 41 46 50 51 52 53 59
5 38 40 42 49 53
7 39 41 42 45 52 56 58
6 40 43 51 53 55 58
9 40 41 42 44 45 52 53 55 58
4 41 46 48 51
8 42 49 50 52 53 55 57 59
6 48 49 54 55 56 57
4 48 49 57 59
4 46 54 56 59
4 49 50 54 56
7 47 48 50 53 54 58 59
1 52
6 49 50 52 53 56 58
3 51 55 58
4 53 54 57 59
0
2 54 57
3 55 57 59
1 55
1 56
0
1 59
0
0
