80 60
35 7
35 7
56 8
50 10
50 10
20 4
18 3
49 7
56 8
80 10
48 8
81 9
80 10
35 7
64 8
72 8
40 5
35 5
36 4
30 6
63 9
30 5
81 9
72 8
36 6
24 4
63 7
64 8
36 4
56 7
50 10
18 3
30 5
27 3
30 6
64 8
18 3
15 3
48 8
24 4
36 4
40 5
36 6
21 3
28 4
48 6
56 8
32 4
54 9
42 7
64 8
48 6
18 3
56 7
15 3
54 9
20 4
81 9
24 3
21 3
54 6
28 4
15 3
36 4
36 6
21 3
45 9
70 10
50 10
36 6
36 4
32 4
30 5
45 9
90 10
48 6
54 6
54 6
54 9
32 4
10 3 4 15 29 31 36 48 53 56 57
15 4 6 9 15 19 21 25 33 37 41 42 48 54 56 59
15 5 13 25 28 36 37 40 46 47 48 50 52 53 55 56
17 7 10 12 17 19 33 35 37 38 41 42 46 48 49 50 54 58
15 7 15 21 24 30 35 37 38 42 44 47 48 51 55 58
15 10 15 18 22 23 32 36 39 40 43 45 47 52 53 59
17 9 10 12 23 26 30 34 36 40 42 44 45 46 48 50 51 52
15 8 9 10 12 24 26 28 31 35 38 40 42 45 46 56
16 9 13 18 21 23 30 35 37 38 45 46 48 50 51 52 58
12 14 21 27 36 38 39 41 45 46 49 52 57
14 12 13 21 23 27 28 37 39 41 45 51 54 55 57
14 13 19 20 23 24 25 29 32 34 44 47 52 54 57
13 16 17 20 23 24 25 28 33 43 44 46 49 59
22 15 16 19 20 22 24 25 26 30 34 38 40 41 43 46 47 48 49 53 54 56 59
15 18 19 22 23 24 30 31 32 37 41 47 48 54 56 58
16 22 24 27 29 31 37 39 42 44 45 48 49 53 55 56 59
11 17 22 32 36 38 41 46 51 52 53 58
17 20 25 29 30 31 34 39 40 41 47 48 50 51 53 55 58 59
12 20 28 31 32 35 44 45 49 52 55 57 59
10 20 21 32 34 39 40 41 43 58 59
11 25 26 32 33 39 41 44 47 48 52 57
13 23 24 29 30 34 40 50 51 53 54 55 56 57
9 29 31 37 39 40 41 42 48 51
10 29 31 38 39 45 47 51 53 56 58
7 25 28 30 35 41 56 59
7 26 28 31 39 50 53 54
14 27 30 32 34 35 36 37 47 48 50 52 54 58 59
4 43 45 50 53
9 30 36 43 44 46 47 51 55 56
8 30 32 37 38 40 41 48 51
8 33 37 39 43 44 52 57 58
8 33 37 45 48 50 51 52 57
12 33 37 38 42 44 45 46 48 49 52 54 56
6 34 42 46 52 55 59
11 35 36 38 40 43 44 45 46 47 55 59
7 40 42 43 48 53 54 59
5 44 47 50 52 59
8 39 44 46 47 49 53 54 56
3 46 52 57
4 40 42 45 57
6 41 42 49 50 56 58
6 46 48 49 50 56 57
5 49 51 54 55 57
2 45 51
7 46 48 51 53 54 56 57
5 51 53 54 57 58
2 54 55
5 50 51 53 57 59
4 51 53 55 58
3 50 55 56
5 51 52 53 54 59
1 59
2 53 58
1 54
2 57 58
2 57 58
1 59
1 58
1 59
0
