60 40
54 9
32 4
21 3
54 9
15 3
32 4
24 4
60 10
42 6
28 4
32 4
35 7
35 7
56 8
50 10
50 10
20 4
18 3
49 7
56 8
80 10
48 8
81 9
80 10
35 7
64 8
72 8
40 5
35 5
36 4
30 6
63 9
30 5
81 9
72 8
36 6
24 4
63 7
64 8
36 4
56 7
50 10
18 3
30 5
27 3
30 6
64 8
18 3
15 3
48 8
24 4
36 4
40 5
36 6
21 3
28 4
48 6
56 8
32 4
54 9
14 1 7 8 9 13 19 26 29 30 32 33 34 37 38
9 2 8 10 21 26 27 32 38 39
8 4 9 10 12 26 37 38 39
16 5 6 7 8 10 15 17 20 22 24 25 27 28 30 38 39
11 6 7 9 10 14 20 21 24 26 32 33
11 8 12 22 24 25 29 31 33 34 35 37
12 7 10 12 14 15 25 28 34 35 36 37 39
6 10 15 25 33 35 38
7 11 12 13 18 19 30 32
11 11 13 15 16 17 23 27 31 37 38 39
7 20 21 23 26 28 34 36
8 14 16 17 23 30 31 32 36
5 14 16 17 24 34
7 14 18 21 22 30 32 38
6 18 27 31 35 36 38
9 16 22 23 27 28 29 31 32 36
9 22 23 26 28 29 31 32 37 39
4 18 23 30 32
0
6 21 23 24 26 33 35
2 25 29
5 25 28 34 35 38
4 23 30 32 39
4 25 26 30 36
4 26 27 31 39
6 26 27 30 31 35 38
4 27 33 37 39
2 31 35
5 32 33 36 37 38
4 32 34 35 38
3 33 36 38
3 32 33 38
1 33
0
2 35 37
2 36 39
1 38
1 38
0
0
