40 30
21 3
28 4
30 6
54 6
63 7
36 6
45 9
54 9
32 4
21 3
54 9
15 3
32 4
24 4
60 10
42 6
28 4
32 4
35 7
35 7
56 8
50 10
50 10
20 4
18 3
49 7
56 8
80 10
48 8
81 9
80 10
35 7
64 8
72 8
40 5
35 5
36 4
30 6
63 9
30 5
10 2 3 10 14 15 16 19 20 22 27
7 5 11 14 15 16 19 22
8 7 8 11 15 18 23 28 29
9 7 9 12 13 15 20 23 28 29
6 6 14 18 24 25 29
8 6 8 10 15 16 26 28 29
8 8 10 13 14 15 25 26 29
7 13 20 24 25 26 27 28
5 9 11 14 16 28
9 10 13 16 17 18 22 23 26 28
5 12 13 17 18 21
5 12 13 16 18 28
2 26 29
1 24
0
4 16 18 20 27
4 19 21 27 29
7 18 20 21 26 27 28 29
6 19 20 23 24 26 27
1 26
1 24
1 23
1 25
2 25 28
1 25
0
2 28 29
1 29
1 29
0
