50 30
28 4
30 6
54 6
63 7
36 6
45 9
54 9
32 4
21 3
54 9
15 3
32 4
24 4
60 10
42 6
28 4
32 4
35 7
35 7
56 8
50 10
50 10
20 4
18 3
49 7
56 8
80 10
48 8
81 9
80 10
35 7
64 8
72 8
40 5
35 5
36 4
30 6
63 9
30 5
81 9
72 8
36 6
24 4
63 7
64 8
36 4
56 7
50 10
18 3
30 5
12 1 4 7 8 10 13 17 21 22 24 27 28
10 5 6 7 11 13 15 19 25 27 29
5 11 12 13 20 27
3 4 8 13
6 9 11 12 14 25 27
9 8 10 11 13 14 15 17 23 29
7 7 8 10 11 12 13 28
5 16 17 19 20 26
5 10 17 20 25 26
9 11 14 16 17 18 19 22 25 26
8 11 19 23 25 26 27 28 29
4 18 20 28 29
5 14 18 20 22 23
2 14 15
3 15 16 21
4 16 18 21 24
3 24 27 29
2 24 25
1 22
1 27
2 23 28
4 22 24 26 28
4 23 24 26 28
3 24 27 29
3 25 26 27
1 27
2 27 28
0
1 29
0
