90 80
40 8
63 9
18 3
162 18
80 10
35 7
64 8
72 8
40 5
35 5
36 4
30 6
63 9
30 5
81 9
72 8
36 6
24 4
63 7
64 8
36 4
56 7
50 10
18 3
30 5
27 3
30 6
64 8
18 3
15 3
48 8
24 4
36 4
40 5
36 6
21 3
28 4
48 6
56 8
32 4
54 9
42 7
64 8
48 6
18 3
56 7
15 3
54 9
20 4
81 9
24 3
21 3
54 6
28 4
15 3
36 4
36 6
21 3
45 9
70 10
50 10
36 6
36 4
32 4
30 5
45 9
90 10
48 6
54 6
54 6
54 9
32 4
24 4
48 6
81 9
48 8
40 8
72 8
54 6
28 4
70 10
18 3
70 10
18 3
18 3
64 8
27 3
21 3
15 3
20 4
18 1 3 5 9 22 28 31 38 39 51 55 56 61 65 70 76 77 78
26 2 8 10 12 20 22 25 26 30 31 36 37 38 41 42 48 50 53 56 58 59 61 62 67 68 73
21 5 12 16 18 31 34 37 41 47 53 56 57 59 61 64 66 68 70 73 76 79
22 5 8 10 17 20 28 32 34 37 38 42 44 52 53 61 62 63 65 68 69 74 78
27 5 8 9 10 18 21 25 34 35 36 37 38 39 44 50 53 55 57 62 66 67 68 70 73 74 77 79
25 11 12 13 15 18 20 23 24 27 28 30 36 38 39 40 48 49 52 55 57 63 66 69 71 73
8 27 47 49 53 56 73 74 77
22 12 20 30 31 33 41 43 47 48 49 53 54 55 58 64 66 67 69 70 71 74 77
15 16 29 35 36 37 38 48 49 64 65 66 73 75 76 78
19 17 19 24 32 35 40 45 49 51 53 54 55 56 59 60 62 64 68 71
20 14 19 20 24 25 26 27 37 41 42 46 47 51 52 59 67 70 71 72 74
27 14 16 17 21 23 32 34 38 45 46 47 49 50 54 55 57 64 66 67 68 70 71 72 74 76 77 78
17 22 29 35 40 46 47 52 53 56 57 59 64 65 66 69 70 73
17 22 31 32 35 40 46 47 49 51 55 57 59 62 67 69 72 73
22 15 19 20 23 28 29 30 31 32 37 40 43 46 48 52 54 56 60 61 62 71 78
13 20 22 32 37 39 41 44 46 51 53 59 64 65
18 20 31 32 34 36 45 47 48 52 53 59 63 67 70 74 75 76 78
14 22 29 31 39 45 47 48 50 60 61 64 66 72 73
18 22 23 29 34 38 49 53 57 59 61 69 71 72 73 74 76 77 79
12 21 22 23 24 27 29 49 53 69 73 76 78
23 21 23 24 25 26 30 40 45 46 47 48 49 50 56 58 64 67 69 71 76 77 78 79
19 22 23 24 25 28 31 32 33 35 39 50 53 55 60 63 69 76 77 79
18 23 27 28 31 32 34 37 39 49 52 54 55 63 64 67 68 76 77
13 30 41 45 46 48 50 52 60 61 65 75 77 79
15 28 31 34 38 39 40 41 43 51 54 55 57 60 65 67
15 43 45 49 54 55 56 57 59 61 67 68 69 70 73 77
18 32 34 35 36 37 38 40 48 50 53 54 57 59 60 67 69 75 77
11 29 30 39 43 44 49 52 56 64 77 79
17 29 32 35 36 38 40 46 51 52 53 56 60 62 66 72 73 79
9 37 40 42 44 48 52 61 73 74
10 37 53 54 62 65 66 67 71 73 79
11 34 37 39 41 43 48 49 59 63 74 77
16 37 41 42 43 44 46 47 51 54 55 59 60 62 63 70 76
8 35 45 51 56 67 68 71 73
13 35 36 51 54 57 58 61 62 64 70 74 78 79
11 41 42 49 52 58 62 64 69 70 75 78
21 40 41 42 45 46 47 52 53 54 55 57 58 59 61 63 73 74 75 77 78 79
11 39 44 46 47 49 55 57 66 67 72 76
13 41 42 44 47 51 61 62 63 66 67 74 78 79
14 43 45 46 48 49 52 60 62 65 68 69 71 72 79
10 41 42 50 53 56 60 63 76 77 78
9 45 47 48 53 57 67 68 69 74
13 47 48 49 53 59 60 61 65 66 73 74 75 79
9 45 51 53 55 64 72 73 74 79
9 45 46 54 59 60 66 75 77 78
12 47 50 56 57 59 60 65 67 69 72 75 77
11 53 54 55 56 60 61 62 68 69 75 79
6 51 58 59 64 69 79
11 50 51 53 55 62 70 71 73 74 78 79
9 50 58 65 68 70 72 73 77 78
10 57 58 62 64 65 67 68 69 75 79
6 59 60 61 63 65 68
4 62 63 66 67
8 54 55 57 60 65 67 70 75
10 56 57 59 61 63 64 68 69 71 75
8 62 65 67 68 69 70 72 78
5 65 67 70 71 73
2 61 70
6 59 61 71 74 75 79
6 61 62 67 73 75 76
6 62 65 68 71 75 76
6 65 66 72 74 76 79
4 66 73 76 79
3 71 74 77
0
6 67 69 71 72 75 79
5 67 70 73 75 76
5 68 69 71 74 76
3 72 78 79
3 71 76 79
1 73
5 72 73 75 78 79
3 73 75 78
1 79
2 77 79
1 76
0
1 78
0
0
