110 90
72 8
40 5
35 5
36 4
30 6
63 9
30 5
81 9
72 8
36 6
24 4
63 7
64 8
36 4
56 7
50 10
18 3
30 5
27 3
110 22
63 7
36 4
50 10
63 9
72 8
28 4
54 6
64 8
80 10
56 7
35 7
27 3
42 7
24 3
36 4
40 5
36 4
54 9
48 6
56 8
54 9
36 4
27 3
63 7
60 10
28 4
49 7
24 4
35 5
72 9
40 8
24 4
49 7
72 9
42 6
21 3
45 5
30 5
21 3
30 5
70 10
40 5
49 7
54 6
35 7
35 5
35 5
80 10
35 5
48 8
36 4
60 10
70 10
40 8
24 3
72 9
36 6
35 5
49 7
63 9
72 9
25 5
30 6
54 9
90 10
30 6
36 4
54 6
30 6
50 10
21 3
30 5
54 9
63 7
20 4
25 5
30 6
24 3
72 9
56 7
48 6
56 8
24 4
40 8
24 3
27 3
30 5
48 8
70 10
25 5
31 3 6 16 21 24 25 26 28 30 31 37 41 44 45 48 56 60 61 62 63 64 66 73 74 75 77 80 81 82 86 88
19 5 6 16 21 23 30 35 38 40 42 46 53 63 64 72 79 80 86 88
18 5 12 14 21 29 35 39 41 42 49 51 55 56 68 82 85 86 87
21 16 17 27 32 40 43 48 52 54 59 60 61 67 68 70 71 72 73 76 80 84
26 11 13 14 18 19 25 27 28 33 35 37 38 40 41 42 49 52 57 61 64 74 76 79 81 86 87
25 7 10 12 14 18 19 20 23 24 26 30 38 41 52 54 58 67 68 70 72 74 79 80 84 85
30 13 15 16 18 27 28 29 30 31 33 34 37 38 40 42 48 55 58 63 64 68 69 73 74 77 80 81 82 83 86
27 9 11 15 18 19 22 35 36 38 40 51 53 54 55 58 60 63 65 67 68 70 76 77 82 84 86 87
22 9 15 21 22 26 30 31 35 44 45 46 49 51 56 65 67 68 73 78 82 85 87
24 19 22 28 29 36 39 40 44 48 51 54 59 60 61 64 67 70 73 76 83 84 86 87 88
22 16 17 19 23 26 28 31 33 34 37 45 52 57 60 63 69 74 79 81 82 83 88
29 12 16 19 20 23 28 29 31 34 35 37 42 44 48 49 52 53 57 59 61 64 66 70 73 74 77 78 81 85
15 16 31 32 41 45 46 47 53 57 60 69 71 73 83 89
17 29 31 46 49 50 51 52 53 56 66 68 73 74 77 79 86 87
29 15 20 21 29 33 34 38 40 43 45 49 53 58 59 60 62 63 65 69 70 71 74 77 78 80 81 82 85 86
19 29 34 39 43 44 46 56 61 68 73 75 76 79 80 82 83 84 85 88
19 19 21 22 23 25 38 44 45 47 55 56 58 62 63 64 67 71 80 81
14 39 41 43 45 47 48 49 53 54 58 70 71 72 74
20 20 31 41 47 50 51 57 60 62 70 71 72 74 76 77 80 82 86 87 88
15 20 28 31 39 48 53 54 56 69 70 73 78 81 85 89
16 26 28 29 33 46 48 57 59 61 62 66 69 72 73 85 87
15 40 43 47 50 57 62 64 66 71 80 81 84 85 88 89
17 28 32 41 42 43 47 50 51 61 64 65 78 84 85 86 88 89
17 24 31 32 34 36 38 49 50 51 70 74 75 76 80 82 85 87
10 32 41 42 46 52 61 62 72 73 83
22 31 40 47 52 57 60 62 65 66 69 71 72 73 74 76 77 78 81 82 85 86 88
18 28 29 41 42 49 52 54 56 58 60 68 69 73 76 83 84 85 89
14 28 29 42 52 54 58 66 69 71 76 77 78 83 84
20 34 38 39 40 44 45 46 47 55 60 61 65 67 69 76 77 80 81 86 89
18 38 40 42 43 45 46 51 52 54 57 68 76 77 79 82 86 87 89
15 34 40 42 44 45 48 52 54 60 64 75 77 78 86 88
17 32 35 36 37 45 48 51 53 55 56 59 60 78 79 81 83 86
21 33 36 39 41 45 46 47 48 50 52 54 56 60 61 62 65 69 70 73 77 79
15 39 41 45 46 48 49 50 53 65 69 75 77 81 86 89
16 36 38 46 47 48 54 57 58 62 64 65 67 77 79 83 88
13 44 46 47 52 53 58 66 72 73 83 84 85 88
16 40 41 43 44 48 50 51 54 62 65 73 74 84 85 87 89
14 41 43 57 58 60 61 64 68 71 73 82 83 84 85
18 39 42 45 46 48 50 51 52 53 54 57 58 62 65 74 77 79 84
16 41 44 46 49 52 59 60 63 65 67 70 76 79 80 81 83
12 41 51 56 58 61 63 71 73 80 81 85 88
14 45 47 52 55 57 58 62 64 70 74 79 83 84 85
12 44 46 49 51 52 63 67 69 70 75 81 89
14 47 48 49 55 58 59 61 65 68 73 74 75 77 84
12 47 48 52 55 56 61 65 66 72 76 82 85
14 48 49 54 55 61 62 66 68 74 78 79 80 84 88
16 53 54 56 57 60 62 67 69 71 72 78 81 84 85 87 89
11 48 50 56 60 76 77 78 79 80 82 87
7 49 53 54 60 61 69 74
15 51 52 54 55 60 64 73 74 75 78 79 80 82 87 88
10 51 58 61 65 66 72 73 74 79 88
11 52 53 58 61 62 67 75 78 80 81 84
13 53 55 63 64 65 68 69 72 75 83 86 88 89
11 56 57 59 62 65 66 67 69 75 79 82
8 56 67 69 77 79 83 85 88
10 56 65 70 71 73 74 77 78 83 87
9 58 61 65 66 68 70 72 73 82
14 58 64 67 68 69 75 79 80 81 82 83 85 86 87
7 63 67 68 79 83 84 85
6 62 65 66 77 78 79
10 61 63 65 66 70 75 78 82 83 88
8 63 64 68 69 71 75 79 84
10 66 67 68 69 70 72 82 86 87 89
7 64 70 71 73 80 84 85
3 70 81 82
8 66 71 74 75 80 82 84 85
6 73 75 76 78 81 82
8 68 71 75 76 83 84 85 88
9 72 74 76 80 81 82 84 85 88
5 73 76 79 85 86
3 71 74 86
6 80 81 82 83 86 88
5 75 79 80 81 87
8 75 76 79 81 82 84 85 88
3 76 77 88
5 80 83 84 87 88
4 79 84 85 87
1 87
6 80 81 84 86 87 89
6 81 82 84 85 87 88
3 81 85 88
0
3 85 86 89
2 84 87
3 85 87 88
0
2 88 89
0
1 89
0
