70 50
24 3
18 3
15 3
50 10
90 10
63 7
63 7
49 7
18 3
21 3
63 7
64 8
32 4
36 4
72 9
40 8
63 9
18 3
63 7
28 4
15 3
72 8
24 4
20 4
50 10
36 4
24 4
35 7
54 9
54 9
48 6
49 7
36 4
21 3
42 6
36 4
50 10
36 4
32 4
25 5
35 7
63 7
36 4
50 10
63 9
72 8
28 4
54 6
64 8
80 10
56 7
35 7
27 3
42 7
24 3
36 4
40 5
36 4
54 9
48 6
56 8
54 9
36 4
27 3
63 7
60 10
28 4
49 7
24 4
35 5
16 2 7 12 15 20 25 26 30 31 32 38 39 40 42 44 45
11 2 4 6 7 9 13 35 36 38 41 48
11 3 6 11 12 17 25 32 36 40 42 45
17 4 6 10 11 13 17 20 23 25 29 31 37 39 41 42 46 49
15 6 8 9 13 15 21 23 25 26 28 31 32 40 43 48
10 8 9 13 26 30 31 32 40 41 42
12 21 22 23 25 26 30 32 33 35 41 48 49
12 9 12 21 22 24 26 27 34 40 42 46 47
13 12 14 19 22 24 26 27 30 35 38 40 44 49
7 12 16 20 24 27 44 49
8 14 15 18 24 36 39 40 45
8 14 17 18 28 32 44 46 47
11 15 19 29 33 35 42 45 46 47 48 49
7 15 22 27 31 37 41 47
13 16 20 22 23 25 31 33 35 38 43 45 46 48
10 16 22 29 34 36 37 40 43 44 48
11 20 26 27 28 31 33 35 39 44 45 47
8 18 22 32 33 36 38 43 47
7 32 33 38 39 41 45 49
4 33 41 45 46
8 22 27 29 31 32 38 39 47
8 23 24 31 32 35 37 43 49
8 24 25 26 30 36 38 40 43
7 26 29 36 41 42 46 47
3 31 33 37
10 27 29 32 33 34 36 37 41 42 48
7 27 28 32 34 37 40 48
8 28 34 37 41 42 46 47 48
10 30 31 32 35 36 42 44 46 48 49
8 33 36 38 39 40 43 47 48
5 40 42 44 45 47
8 33 37 38 40 42 45 46 48
4 35 36 45 46
8 35 37 38 39 41 45 46 48
6 38 39 41 45 46 49
2 38 45
2 43 47
6 40 41 43 44 46 49
6 41 44 46 47 48 49
3 42 47 48
4 41 45 48 49
2 44 46
2 47 48
2 45 49
0
2 47 48
0
1 48
0
0
