100 90
72 8
24 4
20 4
50 10
36 4
24 4
35 7
114 19
81 9
72 8
36 6
24 4
63 7
64 8
36 4
56 7
50 10
18 3
30 5
27 3
30 6
64 8
18 3
15 3
48 8
24 4
36 4
40 5
36 6
21 3
28 4
48 6
56 8
32 4
54 9
42 7
64 8
48 6
18 3
56 7
15 3
54 9
20 4
81 9
24 3
21 3
54 6
28 4
15 3
36 4
36 6
21 3
45 9
70 10
50 10
36 6
36 4
32 4
30 5
45 9
90 10
48 6
54 6
54 6
54 9
32 4
24 4
48 6
81 9
48 8
40 8
72 8
54 6
28 4
70 10
18 3
70 10
18 3
18 3
64 8
27 3
21 3
15 3
20 4
40 8
56 7
24 3
30 5
24 3
27 3
48 6
64 8
42 7
35 7
25 5
40 5
18 3
49 7
72 9
50 10
25 6 13 14 17 21 22 24 27 30 32 40 41 45 47 51 52 54 59 65 76 77 79 80 86 88
25 3 5 9 15 18 26 38 39 52 53 54 59 60 65 66 67 68 70 72 76 77 82 85 86 87
14 9 18 34 48 52 53 54 63 64 66 68 69 80 84
22 10 12 13 18 25 37 38 47 48 52 53 62 68 70 73 74 75 77 79 81 86 87
24 5 8 17 22 24 27 28 31 35 37 45 48 53 56 57 58 63 64 67 68 79 80 84 85
24 7 8 17 22 29 30 35 36 37 38 40 43 46 47 49 52 57 66 70 80 81 82 83 86
27 17 20 21 22 29 33 37 40 43 44 48 51 52 54 56 57 59 60 61 66 69 73 76 82 84 86 87
21 11 14 19 20 23 33 35 50 53 56 59 62 65 67 70 74 76 78 82 85 87
27 11 17 19 22 23 28 29 33 39 42 43 44 45 50 51 52 54 55 62 69 71 74 83 84 86 87 88
27 13 15 19 20 22 23 24 27 32 34 36 45 46 48 53 60 61 64 68 73 74 77 79 81 82 83 88
24 18 19 24 27 28 35 36 40 42 44 46 54 56 61 63 67 69 70 71 76 77 78 81 85
15 30 35 36 41 45 46 49 50 57 66 67 68 73 83 89
25 15 17 20 26 29 30 31 36 37 39 40 42 43 44 47 48 52 54 59 71 73 76 79 86 87
23 14 29 34 37 41 43 50 51 55 58 60 63 67 70 71 72 74 78 80 81 82 85 86
31 15 16 20 21 27 30 31 34 35 38 40 44 46 49 55 58 63 64 70 71 72 73 74 77 79 80 82 83 84 85 88
20 16 22 24 30 33 39 41 44 46 49 51 58 60 61 64 69 70 73 80 81
21 20 23 25 26 28 29 31 36 37 39 41 42 45 47 60 67 69 72 73 74 77
18 18 31 34 37 39 42 49 51 57 61 71 74 77 80 82 86 87 88
20 25 28 31 34 36 37 38 41 46 47 52 57 60 73 75 76 78 81 85 89
11 22 30 31 38 41 51 57 63 70 85 87
20 22 29 30 33 40 45 49 54 55 60 63 67 72 74 80 81 84 85 88 89
18 26 35 37 40 46 61 69 71 72 74 76 77 78 84 85 86 88 89
20 24 28 30 33 48 50 52 54 58 62 65 66 67 68 69 73 80 82 85 87
10 29 36 39 55 63 64 69 71 73 83
20 26 31 36 37 38 40 42 45 58 60 62 66 67 69 78 81 82 85 86 88
17 29 31 40 43 45 46 51 55 57 58 63 67 68 83 84 85 89
20 32 33 34 38 44 50 51 52 56 59 61 62 63 67 74 75 76 78 83 84
14 29 39 40 41 43 44 46 57 64 73 80 81 86 89
21 29 33 38 40 44 45 46 57 61 62 69 70 73 74 76 77 79 82 86 87 89
16 31 38 39 44 45 48 52 54 62 65 69 73 76 78 86 88
19 33 40 44 45 50 51 54 55 59 61 64 67 76 77 78 79 81 83 86
19 34 35 36 38 39 40 44 45 48 50 51 52 59 60 66 72 76 77 79
17 37 38 39 42 43 50 51 54 57 60 62 66 76 77 81 86 89
19 34 35 40 42 43 48 53 54 55 62 65 67 68 71 75 77 79 83 88
15 38 45 46 55 56 58 59 60 61 63 64 83 84 85 88
16 36 40 45 53 54 55 56 58 63 70 73 77 84 85 87 89
16 41 43 44 46 47 48 49 57 60 71 75 77 82 83 84 85
14 46 47 51 52 53 54 60 63 65 67 70 77 79 84
17 45 47 50 51 59 60 61 65 66 67 69 70 73 79 80 81 83
15 42 43 44 47 52 54 55 65 68 73 74 80 81 85 88
10 46 47 51 53 66 73 79 83 84 85
12 43 52 54 57 59 65 67 68 74 77 81 89
9 47 48 49 58 64 69 71 76 84
12 46 55 56 58 60 61 62 65 72 73 82 85
11 47 50 57 65 69 74 78 79 80 84 88
17 48 49 57 58 59 60 62 64 67 72 75 78 81 84 85 87 89
12 49 55 58 73 74 75 77 78 79 80 82 87
6 49 61 62 63 68 76
12 50 54 55 58 69 74 78 79 80 82 87 88
8 52 54 56 57 58 69 79 88
13 53 61 64 65 67 68 69 76 77 78 80 81 84
16 54 56 58 61 62 65 66 68 70 71 72 74 83 86 88 89
12 54 60 61 63 67 68 70 73 74 75 79 82
11 60 63 67 69 72 73 74 79 83 85 88
12 55 56 57 60 62 63 64 75 77 78 83 87
7 60 61 67 68 75 77 82
14 63 64 67 68 70 75 79 80 81 82 83 85 86 87
8 63 69 71 72 79 83 84 85
8 61 62 69 70 73 74 78 79
11 61 62 67 70 71 73 77 78 82 83 88
6 63 66 70 75 79 84
7 65 66 71 82 86 87 89
4 63 80 84 85
6 65 68 71 75 81 82
7 65 72 75 80 82 84 85
4 67 78 81 82
7 67 71 73 83 84 85 88
6 80 81 82 84 85 88
7 69 71 74 75 79 85 86
5 70 73 75 76 86
9 71 75 76 80 81 82 83 86 88
7 72 74 76 79 80 81 87
8 73 76 79 81 82 84 85 88
3 74 77 88
5 80 83 84 87 88
4 79 84 85 87
1 87
6 80 81 84 86 87 89
7 79 81 82 84 85 87 88
4 80 81 85 88
1 81
3 85 86 89
2 84 87
3 85 87 88
1 85
2 88 89
1 87
1 89
0
0
