60 50
15 3
32 4
24 4
60 10
42 6
28 4
32 4
35 7
35 7
56 8
50 10
99 11
64 8
32 4
36 4
72 9
40 8
63 9
18 3
63 7
28 4
15 3
72 8
24 4
20 4
50 10
36 4
24 4
35 7
54 9
54 9
48 6
49 7
36 4
21 3
42 6
36 4
50 10
36 4
32 4
25 5
35 7
63 7
36 4
50 10
63 9
72 8
28 4
54 6
64 8
80 10
56 7
35 7
27 3
42 7
24 3
36 4
40 5
36 4
54 9
12 2 8 10 12 15 17 27 33 37 42 46 48
17 6 7 9 10 15 22 23 28 29 34 37 39 41 42 43 46 47
16 4 7 15 18 19 20 28 29 30 32 33 35 39 40 43 49
16 5 7 8 10 11 12 14 18 19 21 30 31 32 33 41 45
15 5 6 10 11 12 17 21 24 32 33 35 37 45 46 47
9 6 24 36 37 38 40 43 44 49
10 7 8 12 14 15 24 25 27 41 43
7 9 13 22 29 30 42 46
6 9 13 15 31 43 49
9 15 19 23 27 31 41 43 46 47
11 12 15 16 19 21 22 24 26 36 45 49
8 23 24 26 28 31 34 42 43
11 16 23 24 28 32 36 40 41 43 44 48
13 16 25 26 27 28 32 33 35 37 39 41 42 47
4 24 27 29 43
6 17 18 26 32 38 42
10 22 26 27 30 36 41 42 43 48 49
9 24 26 27 28 34 38 46 47 48
8 27 36 37 40 45 47 48 49
8 21 26 30 32 34 45 46 49
7 28 29 32 36 37 40 47
10 22 24 25 34 35 39 43 45 46 48
7 24 25 31 34 40 44 48
9 24 25 32 33 34 38 42 44 46
8 25 27 28 30 33 34 39 41
7 36 37 39 45 46 47 48
7 31 33 37 38 39 45 46
6 30 32 33 38 39 44
4 37 38 42 48
5 30 38 42 47 49
3 31 32 49
8 33 34 35 37 40 41 44 49
10 33 34 35 36 37 39 43 44 48 49
5 35 38 42 47 49
4 39 43 47 48
6 37 38 40 42 48 49
4 39 40 41 43
6 39 42 43 46 47 49
4 39 45 46 47
3 43 46 47
6 41 43 44 45 46 47
2 46 48
2 46 49
3 47 48 49
3 47 48 49
0
1 49
1 48
0
0
